-,-,-
180.664062, -930.419922, 203.125000
123.046875, -1005.615234, 85.937500
371.093750, -1094.482422, 160.156250
176.757812, -1153.076172, 106.445312
109.863281, -1322.021484, 57.617188
-255.126953, -1441.162109, -53.466797
-555.908203, -1449.951172, -53.955078
-1106.689453, -1225.341797, -152.587891
-1214.599609, -1014.892578, -156.494141
-1525.146484, -672.607422, -358.154297
-1294.189453, -441.650391, -359.130859
-1160.400391, -219.482422, -291.748047
-812.744141, -136.474609, -393.310547
-504.638672, -101.318359, -383.544922
-146.240234, -215.576172, -432.373047
220.214844, -125.732422, -328.857422
674.804688, -308.349609, -311.767578
1000.976562, -467.529297, -255.615234
1422.363281, -791.748047, -231.689453
1626.953125, -967.529297, -86.669922
1349.609375, -986.083984, -62.255859
1196.289062, -1013.916016, -41.748047
934.570312, -1163.818359, -135.498047
718.261719, -1036.865234, 74.218750
395.507812, -1197.021484, -80.322266
52.734375, -1291.259766, -70.068359
-,-,-
399.902344, -981.201172, 57.617188
484.863281, -1193.115234, -8.544922
364.257812, -1425.048828, 4.882812
87.402344, -1586.181641, 71.289062
-518.798828, -1568.115234, -158.447266
-1226.806641, -1227.294922, -348.388672
-1668.212891, -830.810547, -589.599609
-1436.279297, -525.146484, -581.787109
-1068.603516, -293.701172, -472.412109
-707.763672, -198.486328, -452.880859
-347.412109, -90.576172, -412.841797
108.398438, -147.216797, -368.408203
309.082031, -142.333984, -456.787109
676.757812, -284.912109, -445.068359
1226.074219, -572.509766, -479.248047
1391.601562, -669.677734, -248.779297
1607.910156, -911.865234, -87.646484
1573.730469, -1023.193359, 14.648438
1395.507812, -989.990234, 130.859375
1039.062500, -1031.005859, 11.718750
490.234375, -1362.060547, -139.404297
-,-,-
458.984375, -1147.216797, -45.166016
279.785156, -1329.833984, -117.919922
-40.283203, -1565.185547, -190.185547
-538.818359, -1465.087891, -331.787109
-1226.318359, -1140.869141, -498.779297
-1378.173828, -917.724609, -658.935547
-1185.302734, -634.521484, -560.302734
-857.666016, -386.474609, -464.599609
-539.306641, -151.123047, -345.458984
-193.115234, -44.677734, -310.791016
227.539062, -22.216797, -200.927734
519.042969, -106.201172, -266.845703
821.289062, -360.107422, -330.810547
1045.410156, -561.279297, -409.912109
1465.332031, -877.685547, -230.712891
1441.406250, -925.537109, -97.412109
1642.578125, -1068.115234, 43.945312
1161.621094, -1094.482422, -43.701172
424.804688, -1140.869141, -64.208984
-,-,-
528.808594, -970.458984, 3.417969
606.445312, -1148.193359, -46.630859
612.304688, -1466.064453, -26.611328
267.578125, -1705.810547, -95.458984
-530.029297, -1579.833984, -251.708984
-1395.263672, -1406.005859, -576.904297
-1510.498047, -910.888672, -625.732422
-1474.365234, -409.423828, -633.544922
-1011.962891, -174.560547, -447.998047
-588.134766, -18.310547, -330.810547
-176.025391, -24.169922, -325.927734
208.007812, -101.318359, -350.341797
628.417969, -181.396484, -417.236328
966.796875, -415.771484, -444.091797
1286.132812, -678.466797, -480.224609
1294.433594, -786.865234, -280.029297
1414.550781, -959.716797, -155.517578
1301.269531, -1027.099609, -34.912109
-,-,-
638.183594, -1213.623047, -28.564453
545.410156, -1343.505859, -9.521484
-107.177734, -1506.591797, -75.927734
-634.521484, -1456.787109, -150.146484
-1429.931641, -1087.646484, -418.701172
-1571.533203, -772.705078, -455.810547
-1381.103516, -448.486328, -571.533203
-969.970703, -188.232422, -484.130859
-533.447266, 14.648438, -360.595703
-73.486328, -69.091797, -301.513672
307.617188, -114.990234, -329.833984
532.714844, -193.115234, -400.146484
916.503906, -458.740234, -508.544922
1216.796875, -620.849609, -465.087891
1354.492188, -734.619141, -330.810547
1772.949219, -986.083984, -170.654297
1286.132812, -1022.216797, -153.564453
-,-,-
465.820312, -1078.857422, 56.640625
437.988281, -1215.576172, -49.072266
52.246094, -1328.857422, -72.021484
-305.908203, -1423.095703, -50.048828
-1044.189453, -1262.939453, -211.181641
-1299.560547, -1139.892578, -391.845703
-1473.388672, -731.689453, -596.923828
-1082.275391, -341.552734, -508.544922
-820.556641, -111.083984, -395.263672
-397.216797, -61.279297, -286.376953
-80.322266, -2.685547, -233.642578
301.269531, -210.693359, -368.896484
677.734375, -244.384766, -290.771484
696.777344, -497.802734, -465.576172
1060.058594, -732.177734, -420.166016
1528.808594, -989.990234, -334.716797
1515.625000, -1073.974609, -153.076172
1563.476562, -1188.232422, -40.771484
749.511719, -1110.107422, -47.607422
225.585938, -1578.857422, 75.683594
-,-,-
649.902344, -1049.560547, 16.601562
480.468750, -1226.318359, -41.748047
225.585938, -1453.857422, -23.681641
-436.767578, -1381.591797, -68.115234
-1192.138672, -1390.380859, -460.693359
-1539.794922, -1027.099609, -511.474609
-1362.548828, -662.841797, -437.255859
-1089.111328, -324.462891, -342.529297
-571.533203, -156.982422, -179.443359
-219.970703, -79.833984, -194.091797
83.984375, -169.677734, -306.396484
493.652344, -106.201172, -296.630859
636.230469, -318.115234, -493.408203
1055.664062, -609.619141, -493.408203
1235.351562, -717.529297, -247.802734
1519.042969, -1018.310547, -179.931641
1385.742188, -920.654297, 29.296875
1148.437500, -1102.294922, -91.552734
-,-,-
732.910156, -1256.103516, -12.451172
531.738281, -1274.169922, 102.050781
-20.263672, -1413.818359, 71.289062
-695.068359, -1386.474609, -160.400391
-1367.431641, -1065.185547, -319.091797
-1544.677734, -748.779297, -470.458984
-1209.716797, -509.521484, -433.349609
-790.771484, -312.255859, -323.974609
-517.822266, -170.654297, -266.357422
-105.712891, -165.771484, -310.791016
217.773438, -195.068359, -399.169922
489.257812, -189.208984, -433.349609
881.347656, -392.333984, -492.431641
1269.531250, -645.263672, -459.716797
1554.687500, -919.677734, -315.673828
1543.945312, -984.130859, -180.908203
-,-,-
928.710938, -1231.201172, 165.039062
369.140625, -1149.169922, -17.333984
139.160156, -1402.099609, 58.593750
-661.376953, -1364.990234, -156.494141
-1215.087891, -1172.607422, -348.388672
-1288.330078, -961.669922, -468.017578
-1027.099609, -634.521484, -330.810547
-813.720703, -346.435547, -304.443359
-597.900391, -92.529297, -307.861328
-236.083984, -65.185547, -404.052734
245.605469, -41.259766, -384.521484
588.378906, -203.369141, -487.060547
813.476562, -346.435547, -565.185547
1403.808594, -654.052734, -441.650391
1652.832031, -930.419922, -341.064453
1695.312500, -1111.083984, -195.068359
1171.875000, -1056.884766, -226.318359
736.328125, -1167.724609, -154.541016
-178.466797, -1343.017578, -363.525391
-,-,-
789.550781, -1090.576172, -27.587891
689.941406, -1395.263672, 102.050781
-5.615234, -1408.935547, 24.902344
-664.794922, -1350.341797, -84.716797
-1378.173828, -1179.931641, -458.740234
-1297.119141, -914.794922, -483.154297
-1138.916016, -452.880859, -423.583984
-636.474609, -249.755859, -233.642578
-349.853516, -1.708984, -204.833984
-24.658203, -97.412109, -308.349609
429.199219, -185.302734, -364.501953
861.328125, -337.646484, -390.869141
1162.109375, -604.248047, -405.029297
1427.246094, -923.583984, -291.748047
1410.156250, -951.904297, -176.025391
1136.230469, -1026.123047, -72.998047
-,-,-
954.589844, -1074.951172, 40.039062
716.796875, -1394.287109, -12.451172
87.402344, -1408.935547, -10.498047
-509.033203, -1239.990234, -92.529297
-1381.103516, -1157.958984, -495.361328
-1503.173828, -890.380859, -635.498047
-1131.103516, -636.474609, -561.279297
-1013.427734, -127.685547, -374.755859
-627.685547, -68.115234, -332.763672
-366.455078, -58.349609, -391.845703
219.726562, -57.373047, -424.560547
543.945312, -176.513672, -323.974609
700.195312, -427.490234, -665.771484
1228.515625, -482.666016, -327.880859
1306.152344, -781.005859, -418.701172
1748.046875, -1108.154297, -201.904297
-,-,-
790.039062, -1034.912109, 80.566406
768.066406, -1109.130859, 135.742188
249.511719, -1218.017578, 79.589844
-425.537109, -1116.943359, 18.554688
-1204.833984, -1313.232422, -458.740234
-1510.009766, -960.693359, -563.232422
-1205.322266, -716.552734, -476.318359
-935.791016, -281.982422, -295.654297
-505.615234, -179.443359, -160.888672
-138.427734, -133.544922, -188.232422
243.164062, -114.990234, -252.685547
520.507812, -174.560547, -371.826172
889.160156, -495.849609, -523.681641
1285.644531, -593.505859, -289.794922
1669.921875, -1133.056641, -411.865234
1313.476562, -999.755859, -100.341797
-,-,-
855.468750, -992.919922, 82.031250
567.382812, -1196.044922, 59.570312
-50.048828, -1464.111328, -12.451172
-652.587891, -1456.787109, -209.228516
-1236.083984, -1356.201172, -566.650391
-1303.955078, -911.865234, -514.404297
-1037.353516, -526.611328, -377.685547
-808.837891, -260.498047, -325.927734
-551.025391, -65.185547, -291.748047
-118.408203, -54.443359, -321.044922
205.078125, -29.052734, -297.607422
679.687500, -443.603516, -683.349609
1030.273438, -462.646484, -443.603516
1499.023438, -664.794922, -188.232422
1439.941406, -890.380859, -221.435547
-,-,-
-1000.244141, -490.478516, -506.591797
-611.083984, -241.455078, -511.474609
-218.994141, -99.365234, -296.630859
179.687500, -32.958984, -380.615234
908.691406, -44.677734, -299.560547
1041.992188, -340.576172, -436.279297
1375.488281, -591.552734, -427.490234
1461.425781, -741.943359, -156.982422
-,-,-
720.703125, -1068.115234, 181.152344
601.562500, -1250.732422, 198.242188
285.644531, -1375.732422, 200.195312
-608.154297, -1230.224609, -46.630859
-957.275391, -1402.099609, -349.365234
-1467.529297, -986.083984, -669.677734
-991.455078, -739.990234, -545.166016
-787.353516, -397.216797, -495.361328
-367.919922, -248.779297, -365.478516
94.238281, -73.974609, -227.294922
316.894531, -103.271484, -280.029297
738.769531, -292.724609, -402.099609
1327.636719, -556.396484, -200.927734
1316.894531, -778.076172, -115.966797
1413.574219, -955.810547, 6.835938
1164.062500, -1156.005859, -7.080078
-,-,-
775.390625, -954.833984, 202.636719
650.878906, -1363.037109, 127.441406
171.875000, -1468.505859, 69.335938
-437.744141, -1500.732422, -144.287109
-1229.248047, -1329.833984, -461.669922
-1195.068359, -944.091797, -382.568359
-953.369141, -593.505859, -228.271484
-710.693359, -349.365234, -158.935547
-510.498047, -190.185547, -275.146484
-147.216797, -132.568359, -322.998047
165.527344, -170.654297, -418.701172
714.843750, -237.060547, -337.158203
1095.214844, -638.427734, -410.888672
1558.105469, -879.638672, -197.998047
1574.707031, -972.900391, -15.380859
1274.902344, -1048.583984, -34.912109
-,-,-
565.429688, -968.505859, 319.335938
401.367188, -1233.154297, 166.015625
213.378906, -1483.154297, 175.781250
-372.314453, -1344.970703, -66.162109
-1019.775391, -1457.763672, -422.119141
-1349.365234, -1060.302734, -562.255859
-1093.505859, -896.240234, -585.693359
-876.220703, -412.841797, -433.349609
-546.142578, -129.638672, -345.458984
-123.291016, -3.662109, -324.951172
287.597656, -0.244141, -422.607422
727.539062, -107.177734, -365.478516
1164.550781, -482.177734, -458.740234
1458.007812, -672.607422, -187.255859
1604.003906, -947.021484, -84.716797
1446.777344, -929.443359, 26.855469
871.093750, -1066.162109, -34.912109
-,-,-
720.214844, -1146.240234, 239.746094
431.640625, -1438.232422, 142.578125
-65.673828, -1388.427734, 83.984375
-672.607422, -1460.205078, -394.287109
-1476.806641, -1189.697266, -720.458984
-1115.966797, -949.951172, -681.396484
-769.775391, -577.880859, -479.248047
-584.228516, -322.998047, -434.326172
-109.619141, -188.232422, -378.662109
69.824219, -54.443359, -473.388672
820.800781, 94.726562, -292.724609
1054.687500, -400.146484, -379.638672
1285.644531, -535.888672, -339.111328
1434.570312, -757.568359, -118.896484
1285.156250, -933.837891, -91.552734
1200.683594, -1153.076172, 22.949219
404.296875, -1454.833984, -220.458984
-,-,-
879.882812, -987.060547, 151.855469
483.886719, -1303.955078, 178.710938
-216.064453, -1457.763672, -127.685547
-1005.615234, -1705.322266, -567.138672
-1371.826172, -1307.373047, -679.443359
-1196.044922, -707.763672, -624.267578
-1153.076172, -455.810547, -597.900391
-683.837891, -185.302734, -442.626953
-389.892578, 2.929688, -414.306641
174.316406, 109.375000, -401.123047
528.320312, -9.521484, -467.041016
1053.710938, -401.123047, -614.990234
1329.589844, -418.701172, -240.966797
1560.058594, -936.767578, -257.568359
1417.480469, -999.755859, -66.162109
1222.167969, -1125.732422, -69.091797
355.468750, -1383.056641, -260.986328
-,-,-
590.332031, -979.248047, -24.658203
828.125000, -1119.873047, 136.718750
484.863281, -1409.912109, -11.474609
-130.615234, -1572.021484, -225.341797
-850.830078, -1752.685547, -471.923828
-1192.138672, -1675.537109, -522.705078
-1484.619141, -1067.138672, -636.474609
-1466.064453, -491.943359, -740.966797
-1293.701172, -19.287109, -662.841797
-598.388672, 121.582031, -525.146484
-410.400391, 313.476562, -551.513672
421.386719, 203.613281, -460.693359
905.761719, 176.757812, -373.779297
1554.687500, -283.447266, -249.755859
1923.339844, -667.724609, 129.882812
1999.755859, -1044.677734, 310.058594
-,-,-
589.843750, -1045.654297, -32.958984
640.625000, -1282.958984, 105.468750
445.312500, -1626.220703, 32.226562
-290.283203, -1530.029297, -168.701172
-1311.767578, -1281.005859, -670.166016
-1368.408203, -957.763672, -758.544922
-1186.279297, -715.576172, -880.615234
-765.380859, -424.560547, -778.564453
-444.580078, -47.607422, -606.201172
31.738281, 117.187500, -455.810547
458.984375, 173.828125, -414.306641
971.679688, 62.500000, -260.009766
1528.808594, -205.322266, 46.875000
1811.523438, -559.326172, 308.593750
1845.214844, -866.943359, 423.828125
1307.128906, -1114.013672, 149.902344
-,-,-
690.917969, -1216.552734, -77.392578
531.738281, -1258.056641, 45.898438
208.496094, -1539.306641, -99.365234
-269.775391, -1613.037109, -255.615234
-1084.716797, -1272.216797, -465.087891
-1260.498047, -1074.951172, -834.228516
-1023.193359, -819.091797, -970.458984
-776.123047, -487.548828, -929.443359
-503.173828, -46.630859, -600.341797
-161.865234, 145.507812, -507.568359
431.152344, 317.382812, -343.505859
960.449219, 138.671875, -248.779297
1667.480469, -299.560547, 95.703125
1999.755859, -707.763672, 429.687500
1786.132812, -1052.490234, 321.289062
882.324219, -1242.919922, -209.716797
-,-,-
672.851562, -1178.466797, -53.955078
487.304688, -1332.763672, -66.162109
-20.263672, -1497.802734, -243.896484
-606.689453, -1374.755859, -333.740234
-1032.470703, -1134.521484, -551.513672
-1219.482422, -879.638672, -751.708984
-951.904297, -779.052734, -836.669922
-654.052734, -532.958984, -629.638672
-337.646484, -283.935547, -439.697266
-129.150391, -113.037109, -394.775391
297.851562, 64.453125, -248.779297
752.441406, -71.044922, -286.865234
1270.996094, -271.240234, -63.232422
1555.175781, -549.560547, 125.000000
1726.074219, -914.794922, 283.691406
1209.960938, -1059.326172, 96.679688
-,-,-
888.671875, -1090.576172, 117.187500
616.210938, -1389.404297, 41.015625
227.539062, -1490.966797, 20.507812
-580.322266, -1388.427734, -306.396484
-1110.107422, -1263.427734, -774.169922
-1261.474609, -868.896484, -929.443359
-838.623047, -728.271484, -894.287109
-503.662109, -307.373047, -575.927734
-205.810547, -50.537109, -478.271484
209.472656, 87.890625, -464.599609
718.750000, 200.195312, -294.677734
1006.835938, -32.958984, -137.451172
1999.755859, -632.568359, 327.148438
1938.964844, -925.537109, 384.765625
1319.824219, -1109.130859, 18.554688
110.839844, -1442.138672, -553.466797
-,-,-
592.773438, -1122.802734, -59.326172
91.308594, -1376.708984, -269.287109
-368.896484, -1436.279297, -382.568359
-807.373047, -1316.162109, -628.173828
-987.548828, -1121.826172, -866.943359
-709.716797, -900.146484, -801.513672
-590.087891, -572.021484, -685.302734
-270.751953, -280.517578, -560.302734
-115.966797, -77.392578, -438.232422
370.605469, -1.708984, -209.228516
797.851562, -74.951172, -86.669922
1165.039062, -198.974609, 49.804688
1262.207031, -460.693359, 166.015625
1558.105469, -772.216797, 317.871094
1269.042969, -953.857422, 314.453125
661.621094, -1309.326172, -167.724609
-,-,-
607.421875, -1156.005859, 61.523438
287.597656, -1436.279297, -43.701172
-216.064453, -1550.537109, -272.216797
-820.556641, -1445.068359, -669.677734
-957.763672, -1221.923828, -836.669922
-802.978516, -927.490234, -768.310547
-523.193359, -694.580078, -696.533203
-342.041016, -297.607422, -431.396484
-56.396484, -125.732422, -323.974609
270.019531, -51.513672, -259.033203
732.910156, -14.404297, -31.005859
824.218750, -78.857422, 72.265625
1245.117188, -352.294922, 159.179688
1336.425781, -632.568359, 250.000000
1514.648438, -966.552734, 314.453125
887.695312, -1239.013672, -120.849609
129.394531, -1433.349609, -494.384766
-,-,-
812.011719, -1080.810547, 117.187500
565.429688, -1294.189453, 89.843750
185.058594, -1465.576172, -92.529297
-461.181641, -1507.080078, -313.720703
-978.759766, -1257.080078, -631.591797
-997.802734, -1051.513672, -875.732422
-830.810547, -724.853516, -718.505859
-483.642578, -380.615234, -507.568359
-130.615234, -122.314453, -374.755859
353.515625, -83.251953, -326.904297
783.203125, -72.021484, -173.583984
1083.007812, -153.076172, -12.451172
1372.070312, -384.521484, 252.929688
1400.878906, -615.966797, 330.078125
1347.167969, -891.357422, 301.757812
752.929688, -1122.802734, -218.505859
190.917969, -1530.517578, -457.763672
-,-,-
710.937500, -1305.908203, 218.750000
448.242188, -1471.435547, 129.394531
-383.544922, -1481.201172, -375.732422
-879.638672, -1266.357422, -656.494141
-923.095703, -1020.263672, -830.322266
-699.951172, -742.919922, -711.669922
-448.974609, -380.615234, -548.583984
-134.033203, -97.412109, -417.724609
278.320312, 20.507812, -208.251953
687.500000, 39.550781, -171.630859
1187.500000, -214.599609, -39.794922
1413.085938, -493.896484, 143.554688
1512.207031, -828.857422, 303.710938
1404.296875, -1011.474609, 333.007812
833.984375, -1289.794922, -101.806641
-,-,-
743.164062, -956.787109, 95.703125
658.691406, -1099.853516, 94.726562
381.347656, -1343.994141, -29.541016
-43.701172, -1509.033203, -177.978516
-521.240234, -1478.271484, -635.498047
-1043.212891, -1137.939453, -959.228516
-757.568359, -1052.978516, -1191.650391
-543.212891, -581.787109, -953.857422
-242.919922, -202.392578, -710.693359
204.589844, 142.578125, -317.138672
675.292969, 169.921875, -187.255859
1219.726562, 22.460938, 34.179688
1559.082031, -207.763672, 360.839844
1666.015625, -521.240234, 499.023438
1455.566406, -927.490234, 443.847656
491.210938, -1325.927734, -321.044922
-,-,-
712.890625, -854.248047, 119.140625
769.531250, -1191.162109, 46.386719
312.988281, -1360.107422, -91.552734
-164.794922, -1579.833984, -386.962891
-907.470703, -1430.419922, -883.056641
-920.654297, -1322.998047, -1053.466797
-768.798828, -945.068359, -1003.662109
-580.322266, -597.412109, -841.552734
-321.044922, -206.298828, -522.705078
19.531250, -1.708984, -378.662109
359.375000, 117.187500, -212.646484
893.066406, 61.523438, -30.517578
1173.828125, -143.310547, 99.609375
1491.210938, -410.400391, 335.449219
1612.792969, -774.658203, 429.687500
1286.621094, -1075.927734, 166.992188
-,-,-
732.910156, -950.927734, 140.625000
775.390625, -1079.833984, 161.621094
624.023438, -1261.962891, 147.460938
-76.904297, -1404.052734, -167.724609
-636.962891, -1529.052734, -688.232422
-1118.896484, -1226.318359, -1133.544922
-884.521484, -967.529297, -1098.388672
-671.630859, -590.576172, -841.552734
-309.814453, -291.748047, -665.771484
25.390625, -55.419922, -498.779297
416.992188, -21.240234, -389.892578
768.066406, 22.460938, -219.482422
1214.355469, -175.537109, 180.175781
1588.378906, -383.544922, 491.699219
1440.429688, -627.685547, 498.046875
1142.089844, -838.623047, 236.328125
668.457031, -1222.412109, -198.974609
-,-,-
687.500000, -886.474609, 60.546875
782.226562, -989.013672, 111.328125
865.234375, -1329.833984, 202.148438
399.414062, -1520.263672, 78.613281
-363.525391, -1503.662109, -284.423828
-1015.380859, -1208.740234, -766.357422
-839.599609, -1203.857422, -1007.080078
-839.599609, -650.634766, -996.826172
-442.626953, -356.201172, -762.451172
-83.740234, -54.443359, -501.708984
351.074219, 20.507812, -274.169922
796.386719, -4.638672, -65.185547
1215.332031, -218.505859, 138.671875
1484.863281, -479.248047, 330.078125
1450.195312, -735.107422, 391.601562
1229.492188, -1009.521484, 321.289062
729.980469, -1384.033203, -188.720703
-,-,-
668.457031, -777.587891, 166.992188
764.648438, -882.568359, 172.851562
710.937500, -1156.982422, 138.671875
375.976562, -1460.693359, -67.138672
-175.048828, -1585.205078, -523.193359
-970.947266, -1335.693359, -995.849609
-1032.958984, -1160.888672, -1293.701172
-777.587891, -894.775391, -1078.857422
-475.341797, -579.833984, -764.404297
-269.775391, -244.384766, -509.521484
93.261719, -85.693359, -294.677734
242.187500, 74.218750, -224.365234
805.664062, -29.052734, -56.396484
814.941406, -20.263672, 84.960938
1243.164062, -300.537109, 275.390625
1347.167969, -600.341797, 383.789062
1498.046875, -948.974609, 440.917969
836.914062, -1253.662109, -67.138672
-,-,-
690.917969, -811.767578, 213.867188
727.539062, -1009.521484, 176.269531
405.761719, -1242.919922, 7.812500
208.496094, -1554.443359, -156.494141
-526.611328, -1428.466797, -679.931641
-729.248047, -1324.462891, -944.580078
-804.931641, -1039.794922, -1113.525391
-715.576172, -993.896484, -1132.568359
-349.853516, -421.630859, -622.802734
-49.072266, -235.107422, -464.599609
229.980469, -93.505859, -276.123047
535.156250, 7.812500, -146.240234
919.433594, -119.384766, 35.156250
1161.621094, -243.408203, 151.367188
1526.855469, -660.888672, 224.609375
1362.304688, -785.888672, 211.914062
1014.648438, -1117.919922, -34.912109
392.578125, -1351.318359, -428.466797
-,-,-
669.433594, -871.826172, 7.812500
751.953125, -1068.115234, 40.039062
596.191406, -1287.841797, -7.568359
163.574219, -1566.162109, -220.458984
-494.873047, -1510.009766, -506.591797
-1171.142578, -1242.919922, -780.517578
-887.451172, -1077.880859, -728.759766
-750.732422, -765.380859, -689.208984
-386.474609, -477.294922, -511.474609
-199.462891, -245.361328, -507.568359
215.820312, -61.279297, -343.505859
500.488281, 22.460938, -359.130859
1061.523438, -126.708984, -98.388672
1395.507812, -358.154297, 99.609375
1626.953125, -781.982422, 183.593750
1315.429688, -884.521484, 182.128906
889.160156, -1166.748047, -78.369141
288.574219, -1322.021484, -421.630859
-,-,-
742.187500, -1025.146484, 89.843750
841.796875, -1239.990234, 157.714844
148.925781, -1467.041016, -255.126953
-269.287109, -1457.763672, -366.455078
-823.974609, -1230.224609, -654.052734
-891.845703, -1009.521484, -770.263672
-588.134766, -828.857422, -812.255859
-381.103516, -576.904297, -681.396484
-35.888672, -307.373047, -461.669922
239.746094, -120.849609, -341.064453
592.773438, -24.169922, -161.865234
952.148438, -74.951172, -34.912109
1282.226562, -243.408203, 205.566406
1369.140625, -490.966797, 276.367188
1467.773438, -811.279297, 329.101562
1002.441406, -1068.115234, -16.845703
505.859375, -1345.947266, -401.123047
-,-,-
905.273438, -1046.630859, 130.859375
521.484375, -1247.802734, -62.255859
229.492188, -1340.087891, -3.173828
-304.443359, -1545.166016, -437.255859
-1028.076172, -1213.623047, -741.943359
-842.041016, -1093.994141, -885.986328
-612.548828, -790.771484, -788.818359
-297.607422, -505.615234, -617.919922
-30.517578, -158.935547, -388.427734
261.230469, -27.099609, -294.677734
759.765625, -69.091797, -106.689453
778.320312, -142.333984, -44.677734
1387.695312, -530.517578, 161.132812
1367.675781, -727.294922, 213.867188
1340.332031, -924.560547, 199.218750
1075.195312, -1081.787109, 1.464844
703.125000, -1096.923828, -106.689453
235.351562, -1147.216797, -262.451172
-222.900391, -1176.025391, -559.326172
-,-,-
371.582031, -1330.810547, -131.103516
-88.134766, -1526.123047, -319.091797
-752.197266, -1388.427734, -695.068359
-919.189453, -1176.513672, -921.630859
-877.197266, -922.607422, -1001.708984
-424.560547, -727.783203, -858.642578
-123.779297, -394.287109, -512.451172
85.449219, -167.236328, -354.248047
349.609375, 24.414062, -164.794922
546.386719, 79.589844, -126.708984
1054.199219, -181.396484, 61.523438
1049.316406, -241.455078, 143.554688
1585.937500, -612.060547, 383.789062
1500.976562, -854.736328, 252.929688
1169.433594, -1108.154297, -73.486328
395.996094, -1275.146484, -459.716797
30.273438, -1467.529297, -707.763672
-70.068359, -1333.740234, -547.119141
-,-,-
891.113281, -1014.404297, 80.078125
801.269531, -1222.412109, 70.312500
294.433594, -1475.341797, -52.978516
-546.142578, -1467.529297, -435.302734
-814.697266, -1304.443359, -717.529297
-929.931641, -1072.021484, -952.880859
-684.814453, -826.904297, -753.173828
-485.595703, -386.474609, -673.095703
-94.970703, -159.912109, -484.130859
257.812500, -19.287109, -385.009766
881.347656, -93.505859, -181.884766
1206.054688, -184.326172, 113.281250
1505.859375, -471.435547, 298.828125
1431.152344, -659.912109, 296.875000
1228.515625, -806.396484, 249.023438
838.867188, -1026.123047, -40.771484
319.824219, -1318.115234, -404.052734
27.343750, -1513.427734, -721.435547
-,-,-
819.335938, -944.091797, 55.664062
787.597656, -1157.958984, 45.898438
341.308594, -1323.974609, -126.708984
-277.587891, -1444.091797, -376.708984
-714.111328, -1441.162109, -588.623047
-949.951172, -1178.955078, -747.802734
-702.880859, -1030.029297, -706.787109
-596.923828, -640.380859, -569.091797
-397.705078, -271.240234, -377.685547
-91.064453, -88.623047, -304.443359
339.843750, -14.404297, -244.873047
719.726562, -87.646484, -226.318359
984.863281, -241.943359, -178.466797
1376.953125, -565.673828, -70.068359
1193.847656, -759.521484, -37.841797
1265.625000, -927.490234, -23.681641
898.925781, -1162.841797, -260.009766
481.445312, -1223.876953, -308.837891
-,-,-
778.320312, -1035.888672, 20.507812
661.132812, -1235.107422, 80.566406
63.964844, -1453.857422, -171.630859
-377.685547, -1544.189453, -335.693359
-903.076172, -1388.427734, -667.724609
-874.755859, -1151.123047, -696.044922
-673.583984, -894.775391, -644.287109
-561.279297, -598.388672, -600.341797
-233.154297, -283.935547, -468.017578
36.132812, -159.912109, -457.763672
441.894531, 64.453125, -184.326172
803.222656, -0.244141, -178.466797
1187.011719, -132.568359, -12.451172
1269.042969, -382.568359, 80.566406
1427.734375, -726.806641, 94.726562
1244.140625, -960.693359, 61.523438
916.503906, -1272.216797, -212.646484
-,-,-
797.363281, -1114.990234, -72.509766
628.417969, -1327.880859, -39.794922
38.085938, -1510.498047, -301.513672
-506.103516, -1457.763672, -482.177734
-729.736328, -1416.748047, -820.068359
-845.458984, -1036.865234, -807.861328
-670.654297, -803.466797, -819.091797
-558.349609, -421.630859, -697.021484
-150.634766, -168.701172, -433.349609
69.824219, -45.166016, -361.083984
491.699219, 34.179688, -205.322266
904.296875, -107.177734, -162.841797
1404.296875, -328.369141, 106.933594
1557.128906, -565.673828, 159.179688
1583.984375, -845.458984, 190.429688
1074.218750, -976.806641, -53.955078
413.085938, -1287.841797, -393.798828
-,-,-
890.136719, -944.091797, 39.062500
823.242188, -1328.857422, -34.912109
329.101562, -1464.111328, -234.619141
-316.650391, -1601.318359, -605.712891
-769.775391, -1329.833984, -803.466797
-760.986328, -1187.255859, -975.341797
-739.013672, -867.919922, -936.767578
-479.736328, -496.826172, -616.943359
-365.478516, -212.646484, -508.544922
-11.474609, -76.904297, -480.224609
563.964844, 83.984375, -214.599609
922.363281, -20.263672, -91.552734
1281.738281, -140.380859, 80.566406
1463.378906, -418.701172, 194.335938
1670.898438, -761.474609, 231.445312
1371.093750, -1052.490234, -20.751953
744.140625, -1262.939453, -401.123047
-,-,-
982.421875, -1211.669922, 163.085938
497.070312, -1492.919922, -92.529297
-10.986328, -1695.068359, -291.748047
-961.181641, -1495.849609, -756.103516
-890.869141, -1111.083984, -771.240234
-802.001953, -724.365234, -831.298828
-468.994141, -358.154297, -657.958984
-138.916016, -24.169922, -398.193359
227.539062, 67.382812, -226.318359
721.191406, 41.503906, -150.146484
1007.812500, -117.919922, -59.326172
1596.191406, -458.740234, 19.531250
1421.386719, -608.642578, 158.691406
1420.898438, -773.681641, 171.875000
1070.312500, -1079.833984, -68.115234
-,-,-
1049.316406, -1344.970703, 99.609375
631.835938, -1498.779297, -101.318359
-118.408203, -1594.970703, -530.029297
-765.869141, -1389.404297, -913.818359
-660.400391, -1176.025391, -959.228516
-683.349609, -872.802734, -953.857422
-375.244141, -522.216797, -562.255859
-217.529297, -217.529297, -395.263672
47.851562, -72.998047, -332.763672
458.984375, 0.976562, -275.146484
863.281250, 10.742188, -95.458984
1083.984375, -176.513672, 88.867188
1482.421875, -462.646484, 210.937500
1397.949219, -693.115234, 298.828125
1270.019531, -894.287109, 109.375000
811.523438, -1250.732422, -208.251953
-,-,-
977.539062, -989.990234, -107.177734
923.828125, -1306.396484, -22.705078
579.101562, -1626.708984, -355.224609
-212.158203, -1579.833984, -700.439453
-676.025391, -1419.677734, -959.716797
-840.087891, -990.966797, -927.978516
-698.974609, -704.833984, -791.748047
-540.283203, -334.716797, -515.380859
-314.208984, -124.755859, -334.716797
71.777344, -66.162109, -280.029297
383.789062, 119.628906, -69.091797
913.085938, -187.255859, -114.990234
1300.781250, -343.505859, 101.074219
1607.421875, -699.951172, 112.304688
1303.222656, -844.482422, 114.257812
1030.273438, -989.990234, -75.927734
-,-,-
914.550781, -931.396484, -10.498047
941.406250, -1103.271484, -16.357422
679.687500, -1440.185547, -58.349609
30.761719, -1625.244141, -482.177734
-495.849609, -1487.060547, -875.732422
-722.412109, -1283.935547, -983.154297
-719.482422, -892.333984, -856.689453
-543.701172, -563.232422, -656.005859
-391.357422, -289.306641, -584.716797
-74.951172, -47.607422, -423.583984
481.933594, 109.375000, -69.091797
775.390625, 92.773438, -25.634766
1261.718750, -208.740234, 130.859375
-,-,-
965.820312, -798.583984, 68.359375
1069.824219, -860.107422, 18.554688
1020.507812, -1142.822266, 77.636719
624.023438, -1394.287109, -149.169922
-22.216797, -1516.357422, -534.912109
-443.603516, -1533.935547, -927.490234
-698.974609, -1220.947266, -1098.388672
-659.423828, -834.716797, -903.076172
-470.947266, -405.029297, -536.865234
-351.806641, -20.263672, -378.662109
27.343750, 149.414062, -320.068359
683.105469, 249.023438, -112.060547
1305.664062, 31.250000, 11.718750
1642.089844, -234.130859, 99.609375
1833.007812, -527.099609, 211.425781
1529.296875, -730.712891, 90.820312
981.445312, -1119.873047, -239.013672
-,-,-
1044.921875, -1060.791016, -31.982422
1037.109375, -1225.830078, 49.316406
461.425781, -1558.349609, -213.623047
-141.845703, -1675.537109, -650.634766
-721.923828, -1445.068359, -1077.880859
-768.310547, -1045.654297, -1053.466797
-701.904297, -611.572266, -887.939453
-480.712891, -212.646484, -656.982422
-45.654297, 112.304688, -439.208984
412.597656, 364.257812, -248.779297
1031.738281, 213.867188, 4.394531
1390.136719, -58.349609, 111.328125
1680.175781, -404.052734, 361.328125
1670.410156, -692.138672, 304.687500
1222.656250, -1044.677734, 20.507812
517.578125, -1325.927734, -499.267578
-,-,-
929.687500, -1214.599609, 177.246094
560.546875, -1439.208984, -113.525391
-130.126953, -1568.115234, -730.712891
-563.720703, -1491.943359, -1193.115234
-796.142578, -1090.576172, -1252.685547
-569.091797, -589.599609, -811.279297
-440.185547, -152.099609, -518.310547
-197.509766, 87.890625, -411.865234
406.738281, 215.820312, -153.076172
707.519531, 323.730469, -165.771484
1477.050781, -64.208984, 147.460938
1837.402344, -400.146484, 260.253906
1822.265625, -828.857422, 361.328125
1125.000000, -1020.263672, 0.488281
329.101562, -1445.068359, -449.951172
40.039062, -1451.904297, -607.177734
-,-,-
-542.724609, -1666.259766, -808.837891
-818.115234, -1463.134766, -1193.603516
-772.705078, -1091.552734, -1132.568359
-637.939453, -585.693359, -849.365234
-435.791016, 22.460938, -578.857422
-115.966797, 543.945312, -44.677734
458.984375, 278.320312, -213.623047
938.476562, 170.410156, -43.701172
1638.183594, -225.341797, 144.531250
1669.433594, -531.494141, 163.085938
1559.082031, -656.982422, 260.253906
1424.804688, -864.013672, -12.451172
1113.281250, -998.779297, -194.091797
832.031250, -1181.396484, -303.466797
395.507812, -1369.873047, -450.927734
-206.298828, -1278.076172, -528.076172
-,-,-
1160.644531, -1002.685547, 260.253906
941.406250, -1275.146484, -0.244141
624.511719, -1515.380859, -148.681641
-260.986328, -1617.919922, -820.068359
-660.400391, -1515.380859, -1319.091797
-656.005859, -1064.208984, -1148.193359
-515.380859, -576.904297, -848.388672
-309.326172, -178.466797, -554.443359
7.324219, 26.367188, -344.482422
405.761719, 172.851562, -181.884766
879.394531, 41.015625, -62.255859
1027.343750, 52.734375, 145.507812
1490.234375, -320.068359, 329.101562
1424.804688, -520.263672, 291.015625
1422.363281, -821.044922, 279.296875
920.410156, -1181.884766, -235.595703
380.371094, -1424.072266, -431.396484
-,-,-
277.832031, -739.013672, -92.529297
472.656250, -806.884766, -34.912109
487.792969, -1011.474609, -118.896484
781.250000, -1245.849609, 77.636719
583.984375, -1301.025391, 8.789062
392.578125, -1611.083984, -227.294922
-224.853516, -1453.857422, -586.669922
-583.740234, -1436.279297, -869.873047
-713.623047, -1019.775391, -981.201172
-588.623047, -761.474609, -834.716797
-544.677734, -255.615234, -624.267578
-219.482422, 49.804688, -403.076172
201.171875, 200.195312, -217.529297
808.593750, 191.406250, -80.322266
1390.136719, -95.458984, 222.656250
1645.996094, -320.556641, 295.898438
1751.953125, -790.771484, 405.273438
1220.703125, -1035.888672, 11.718750
324.707031, -1597.412109, -586.669922
-133.544922, -1580.810547, -821.044922
-,-,-
753.906250, -841.552734, -18.310547
927.734375, -956.787109, 76.660156
673.828125, -1080.810547, -28.564453
417.968750, -1323.974609, -148.193359
49.804688, -1501.708984, -369.873047
-470.947266, -1647.216797, -899.169922
-968.994141, -1107.177734, -1074.951172
-954.833984, -788.818359, -1182.373047
-685.791016, -421.630859, -1016.357422
-311.767578, -79.833984, -693.115234
-126.708984, 190.429688, -528.076172
484.863281, 446.289062, -327.880859
1163.085938, 267.578125, 140.625000
1767.578125, -156.982422, 245.117188
1944.335938, -589.599609, 482.421875
1417.480469, -796.630859, 215.820312
767.578125, -1200.927734, -116.943359
42.968750, -1511.474609, -776.123047
-28.076172, -1459.716797, -637.451172
-,-,-
521.484375, -868.896484, -143.310547
738.769531, -1094.970703, -22.216797
350.097656, -1220.947266, -113.037109
122.558594, -1464.111328, -253.662109
-702.880859, -1309.326172, -884.033203
-883.056641, -1297.607422, -1227.294922
-895.751953, -1056.884766, -1360.107422
-526.123047, -574.951172, -800.537109
-414.794922, -192.138672, -638.427734
-10.009766, 31.250000, -356.201172
377.929688, 130.859375, -163.818359
905.273438, 66.406250, 28.808594
1167.480469, -91.552734, 333.496094
1303.222656, -479.248047, 101.074219
1367.675781, -620.849609, 295.898438
1306.640625, -891.357422, 122.070312
845.703125, -1131.591797, -106.689453
255.859375, -1335.693359, -496.826172
-105.224609, -1481.201172, -723.388672
12.695312, -1284.912109, -426.513672
159.667969, -1014.404297, -190.185547
-,-,-
705.078125, -774.658203, -62.255859
708.984375, -813.232422, -61.279297
772.460938, -972.900391, -7.080078
544.921875, -1101.318359, -174.560547
326.171875, -1353.271484, -301.513672
-10.986328, -1360.107422, -477.294922
-539.306641, -1281.982422, -758.056641
-692.626953, -1120.849609, -883.056641
-755.615234, -935.791016, -1008.544922
-468.017578, -806.396484, -862.060547
-348.388672, -495.849609, -651.611328
-236.083984, -255.615234, -466.064453
16.113281, -103.271484, -336.669922
242.187500, 1.464844, -296.630859
716.796875, 27.343750, -109.130859
1134.277344, -192.138672, 89.843750
1476.074219, -444.091797, 236.328125
1498.046875, -677.490234, 301.757812
1276.367188, -937.744141, 162.109375
620.117188, -1142.822266, -258.056641
83.007812, -1343.017578, -558.349609
-10.009766, -1352.294922, -564.208984
-,-,-
357.910156, -860.107422, -300.537109
692.382812, -952.880859, -73.486328
646.484375, -937.255859, -184.814453
538.085938, -973.876953, -150.146484
514.160156, -1057.861328, -127.197266
518.066406, -1385.498047, -164.306641
59.082031, -1437.255859, -385.986328
-333.740234, -1437.255859, -581.787109
-768.310547, -1161.865234, -918.701172
-705.322266, -998.779297, -1011.962891
-680.419922, -693.603516, -1066.162109
-440.185547, -428.466797, -782.470703
-285.400391, -69.091797, -558.349609
36.621094, 19.531250, -418.212891
481.445312, 108.398438, -231.201172
1189.453125, -92.529297, 37.109375
1393.066406, -170.654297, 354.492188
1615.234375, -590.576172, 455.078125
1350.097656, -842.529297, 427.734375
877.441406, -1156.005859, 10.742188
328.613281, -1406.005859, -458.740234
51.757812, -1393.310547, -589.599609
63.964844, -1202.880859, -431.396484
-,-,-
393.554688, -739.990234, -94.482422
718.750000, -761.474609, -102.294922
906.250000, -935.791016, 19.531250
870.117188, -992.919922, 49.316406
582.031250, -1185.302734, -27.587891
-1.220703, -1419.677734, -455.810547
-318.603516, -1449.951172, -745.849609
-704.833984, -1225.341797, -997.802734
-705.322266, -1025.146484, -991.943359
-595.458984, -782.958984, -809.326172
-418.701172, -542.724609, -603.759766
-293.701172, -307.373047, -421.630859
-103.759766, -139.404297, -266.357422
177.734375, -102.294922, -197.021484
517.578125, -179.443359, -148.193359
580.078125, -149.169922, -61.279297
1281.250000, -595.458984, 87.890625
1263.183594, -832.763672, 184.570312
1451.660156, -1099.365234, 250.976562
882.812500, -1207.763672, -31.005859
401.367188, -1288.818359, -363.525391
28.808594, -1304.443359, -534.912109
-,-,-
584.960938, -971.435547, -93.505859
587.402344, -1126.708984, -52.978516
364.746094, -1191.162109, -261.962891
-30.517578, -1245.849609, -425.537109
-163.818359, -1396.240234, -511.474609
-757.080078, -1220.947266, -820.068359
-676.025391, -1142.333984, -893.310547
-818.603516, -859.130859, -989.013672
-562.255859, -535.888672, -753.173828
-434.326172, -260.498047, -567.138672
-52.490234, -134.521484, -354.248047
219.726562, 8.789062, -199.951172
764.160156, -107.177734, -33.935547
962.890625, -230.224609, 155.761719
1263.671875, -564.697266, 260.253906
1356.445312, -830.810547, 346.679688
1137.207031, -959.716797, 274.414062
861.328125, -1182.861328, 48.339844
312.988281, -1277.099609, -298.583984
-54.931641, -1308.349609, -506.591797
-34.912109, -1283.935547, -476.318359
-,-,-
548.339844, -947.998047, -117.919922
743.164062, -954.833984, -21.240234
764.160156, -1002.685547, 36.132812
579.589844, -1160.888672, -31.982422
334.472656, -1423.095703, -187.255859
-164.794922, -1519.287109, -536.865234
-426.025391, -1348.388672, -803.955078
-855.224609, -1017.822266, -1075.927734
-640.380859, -764.404297, -885.009766
-618.896484, -400.146484, -696.044922
-292.236328, -196.533203, -400.146484
-50.048828, -89.599609, -260.009766
372.558594, -122.802734, -134.521484
744.140625, -224.365234, -33.935547
972.167969, -396.240234, 47.363281
1112.304688, -566.162109, 159.179688
1271.484375, -843.505859, 203.125000
1298.828125, -1016.845703, 206.542969
959.960938, -1238.037109, -40.771484
497.558594, -1376.708984, -327.880859
5.859375, -1226.806641, -510.498047
-,-,-
576.171875, -896.728516, -41.748047
706.542969, -997.802734, -14.404297
573.730469, -970.458984, -36.865234
415.527344, -1246.826172, -113.037109
153.320312, -1351.318359, -299.560547
-381.103516, -1378.662109, -555.419922
-481.689453, -1213.623047, -845.458984
-806.396484, -976.806641, -948.974609
-510.986328, -776.123047, -819.091797
-548.095703, -533.935547, -731.689453
-286.376953, -303.466797, -452.880859
-147.216797, -187.255859, -371.826172
160.644531, -106.201172, -231.201172
529.296875, -64.208984, -93.505859
732.910156, -184.326172, -47.607422
1124.023438, -484.130859, 43.945312
1498.535156, -797.607422, 289.550781
1483.398438, -982.177734, 429.687500
963.378906, -1193.115234, 67.382812
270.996094, -1277.099609, -258.544922
-34.423828, -1349.365234, -552.490234
116.699219, -1322.021484, -504.638672
336.425781, -1073.974609, -201.904297
-,-,-
342.773438, -1032.958984, -100.341797
512.695312, -1267.822266, -11.474609
140.625000, -1391.357422, -322.998047
-68.115234, -1409.912109, -619.873047
-669.677734, -1227.294922, -1113.037109
-601.806641, -950.927734, -1030.029297
-615.478516, -697.998047, -1006.591797
-487.060547, -397.216797, -749.755859
-263.916016, -231.201172, -498.291016
17.089844, -72.021484, -194.091797
229.003906, -41.748047, -178.955078
737.792969, -163.330078, -125.732422
1131.347656, -312.255859, 47.851562
1210.937500, -539.794922, 157.714844
1500.000000, -746.826172, 350.585938
1130.371094, -945.068359, 212.890625
1024.902344, -1036.865234, 190.429688
605.957031, -1151.123047, -122.802734
258.789062, -1158.935547, -378.662109
100.585938, -1197.021484, -423.095703
-,-,-
571.777344, -932.373047, -79.345703
560.546875, -939.208984, -23.681641
474.121094, -999.755859, -50.048828
522.949219, -1263.427734, -56.884766
282.226562, -1354.248047, -185.791016
-21.728516, -1456.787109, -491.455078
-382.080078, -1257.568359, -744.873047
-562.255859, -1070.068359, -986.572266
-556.884766, -808.349609, -919.677734
-376.220703, -545.654297, -708.740234
-260.986328, -326.416016, -514.404297
20.507812, -196.044922, -275.146484
200.195312, -119.873047, -150.146484
511.718750, -193.115234, -59.326172
758.789062, -239.013672, 144.531250
1107.910156, -573.974609, 191.406250
1219.726562, -696.044922, 330.078125
1306.640625, -947.998047, 295.898438
1031.250000, -989.990234, 169.921875
672.851562, -1156.005859, -118.896484
366.699219, -1269.287109, -357.177734
41.992188, -1266.357422, -457.763672
-,-,-
716.308594, -892.822266, 25.878906
621.582031, -989.990234, -25.634766
694.335938, -1176.513672, 0.000000
428.222656, -1274.169922, -198.974609
77.636719, -1473.388672, -457.763672
-464.599609, -1270.263672, -808.349609
-781.982422, -1056.396484, -991.943359
-637.451172, -891.357422, -886.474609
-480.224609, -662.841797, -677.001953
-348.388672, -432.373047, -479.248047
-190.673828, -241.455078, -371.826172
60.058594, -135.498047, -229.248047
449.218750, -215.576172, -146.240234
619.628906, -212.646484, -54.443359
969.238281, -453.857422, 85.937500
1083.496094, -655.029297, 189.453125
1241.699219, -861.083984, 235.351562
1160.644531, -986.083984, 219.726562
984.863281, -1068.115234, 126.464844
538.085938, -1223.388672, -201.904297
200.683594, -1316.162109, -358.154297
-,-,-
745.605469, -846.923828, 90.820312
770.019531, -935.791016, 96.679688
686.523438, -1128.662109, 10.742188
371.582031, -1260.009766, -99.365234
380.371094, -1577.880859, -382.568359
-245.849609, -1422.607422, -859.619141
-595.458984, -1062.255859, -1020.263672
-668.212891, -804.443359, -1046.630859
-443.115234, -574.951172, -716.552734
-395.751953, -361.572266, -558.349609
-209.716797, -199.462891, -391.845703
-46.630859, -25.146484, -247.802734
284.179688, -68.115234, -221.435547
889.160156, -207.763672, -6.591797
1372.070312, -673.583984, 87.890625
1442.382812, -884.521484, 134.765625
1386.718750, -978.759766, 185.546875
1059.082031, -1014.892578, 91.796875
614.257812, -1036.865234, -98.388672
323.730469, -1134.521484, -231.201172
45.898438, -1163.818359, -369.873047
-,-,-
693.847656, -918.701172, 60.546875
696.289062, -1023.193359, 44.921875
626.464844, -1178.955078, -21.240234
401.367188, -1333.740234, -162.841797
149.902344, -1490.966797, -352.294922
-212.646484, -1407.958984, -621.826172
-588.134766, -1064.208984, -712.646484
-739.013672, -828.857422, -741.943359
-626.708984, -720.458984, -711.669922
-444.580078, -481.201172, -475.341797
-320.068359, -380.615234, -400.146484
16.113281, -255.615234, -228.759766
165.527344, -179.443359, -202.880859
643.554688, -234.130859, -86.181641
809.570312, -361.083984, -67.138672
1273.925781, -674.560547, 86.914062
1246.093750, -757.568359, 216.796875
1347.656250, -981.201172, 341.796875
931.152344, -1082.763672, 137.695312
351.562500, -1227.294922, -284.423828
86.425781, -1321.044922, -480.224609
-,-,-
678.710938, -771.728516, 26.855469
821.289062, -961.669922, 25.878906
673.828125, -1051.513672, -21.240234
385.253906, -1233.154297, -174.560547
272.460938, -1483.154297, -325.927734
-218.017578, -1428.466797, -697.998047
-497.802734, -1212.646484, -848.388672
-672.607422, -956.787109, -897.216797
-458.740234, -837.646484, -698.974609
-358.642578, -624.755859, -505.615234
-236.083984, -440.185547, -333.740234
-63.720703, -337.646484, -235.595703
264.648438, -280.029297, -120.849609
331.542969, -219.482422, -121.826172
624.511719, -365.478516, -68.115234
880.371094, -500.732422, 29.296875
1069.335938, -724.365234, 125.976562
1205.566406, -940.185547, 157.714844
1108.398438, -1087.646484, 93.750000
768.066406, -1160.888672, -83.740234
421.875000, -1233.154297, -320.068359
55.175781, -1267.333984, -511.474609
-,-,-
686.523438, -894.287109, -79.345703
882.324219, -1031.494141, -20.263672
602.539062, -1133.544922, -111.083984
551.757812, -1365.966797, -182.861328
116.210938, -1429.443359, -506.591797
-101.806641, -1331.787109, -607.177734
-492.431641, -1028.076172, -770.263672
-661.376953, -873.779297, -838.623047
-530.029297, -671.630859, -684.326172
-490.478516, -528.564453, -597.900391
-266.845703, -349.365234, -375.732422
-49.072266, -255.615234, -364.501953
164.062500, -7.568359, -40.771484
517.089844, -226.318359, -99.365234
995.117188, -402.587891, 128.417969
1130.859375, -706.787109, 123.046875
1117.187500, -941.162109, 90.820312
1016.601562, -1141.357422, 36.132812
722.167969, -1217.529297, -183.837891
343.750000, -1274.169922, -365.478516
-,-,-
717.285156, -871.826172, 1.464844
787.597656, -928.466797, 53.710938
571.777344, -1047.607422, -65.185547
516.113281, -1294.677734, -138.427734
163.085938, -1512.451172, -414.306641
-105.712891, -1428.466797, -627.197266
-489.013672, -1145.263672, -815.185547
-677.001953, -938.232422, -884.033203
-439.697266, -777.099609, -700.439453
-428.955078, -571.044922, -606.201172
-158.447266, -413.818359, -372.802734
70.800781, -326.416016, -251.708984
305.664062, -268.310547, -280.029297
744.628906, -191.162109, 21.972656
783.203125, -297.607422, 57.617188
1078.613281, -564.208984, 119.140625
1085.937500, -770.751953, 249.023438
1118.164062, -939.208984, 251.953125
911.132812, -1086.669922, 100.585938
558.105469, -1157.958984, -165.771484
221.679688, -1238.037109, -320.068359
14.648438, -1308.349609, -460.693359
-,-,-
715.820312, -786.865234, 88.867188
797.851562, -862.060547, 66.406250
837.890625, -1055.908203, 39.062500
645.507812, -1274.169922, -21.240234
324.707031, -1438.232422, -287.353516
-119.384766, -1376.708984, -713.623047
-485.595703, -1218.505859, -945.068359
-549.072266, -1018.798828, -1056.396484
-399.169922, -792.724609, -846.435547
-316.650391, -539.794922, -556.396484
-162.841797, -362.060547, -366.455078
36.132812, -259.521484, -274.169922
324.707031, -151.123047, -151.611328
534.179688, -130.615234, -26.611328
993.652344, -335.693359, 114.257812
1187.500000, -451.416016, 314.941406
1233.398438, -694.091797, 318.359375
1052.246094, -794.677734, 270.507812
920.898438, -1067.138672, 42.968750
590.820312, -1277.099609, -264.404297
324.707031, -1256.591797, -351.318359
221.191406, -1260.986328, -433.349609
-,-,-
719.726562, -856.201172, 48.339844
830.078125, -895.751953, 113.281250
625.000000, -1000.732422, -11.474609
412.109375, -1271.240234, -76.904297
23.925781, -1381.103516, -407.470703
-189.697266, -1554.443359, -825.439453
-428.955078, -1215.576172, -954.833984
-476.806641, -992.919922, -975.341797
-367.919922, -754.638672, -782.470703
-281.982422, -499.755859, -589.599609
-207.275391, -241.943359, -435.302734
80.566406, -86.669922, -266.357422
399.414062, -58.349609, -129.638672
824.707031, -139.404297, -1.220703
971.679688, -266.357422, 162.109375
1261.718750, -583.740234, 253.906250
1296.386719, -780.029297, 299.804688
1239.257812, -1003.662109, 247.070312
718.750000, -1175.537109, -130.126953
350.097656, -1309.326172, -424.560547
39.550781, -1354.248047, -636.474609
-,-,-
817.382812, -946.044922, 56.640625
823.242188, -1031.005859, -32.470703
465.820312, -1211.669922, -111.083984
325.683594, -1555.419922, -372.802734
-273.681641, -1371.826172, -823.974609
-510.009766, -1216.064453, -974.365234
-436.767578, -937.744141, -922.607422
-442.138672, -701.904297, -758.544922
-260.986328, -486.572266, -480.224609
-148.681641, -312.255859, -324.951172
128.417969, -241.943359, -252.685547
458.007812, -138.427734, -24.658203
641.601562, -223.388672, -74.462891
979.492188, -308.349609, 149.414062
1070.800781, -500.732422, 193.359375
1352.050781, -799.560547, 229.492188
1114.746094, -846.435547, 195.312500
929.199219, -1024.169922, 24.902344
488.769531, -1160.888672, -209.228516
194.824219, -1323.974609, -455.810547
-72.509766, -1320.068359, -553.466797
-,-,-
804.687500, -976.806641, 71.777344
908.691406, -1172.607422, 130.371094
560.546875, -1376.708984, -56.396484
208.984375, -1496.826172, -454.833984
-290.771484, -1376.708984, -861.572266
-398.681641, -1213.623047, -1005.615234
-514.404297, -848.388672, -908.447266
-428.466797, -648.681641, -746.826172
-355.224609, -356.201172, -474.365234
-50.537109, -238.037109, -307.373047
187.500000, -205.810547, -267.333984
469.726562, -84.716797, -190.185547
992.675781, -179.443359, 202.636719
1122.070312, -412.841797, 183.105469
1413.574219, -619.873047, 396.484375
1326.660156, -760.498047, 345.703125
1129.394531, -960.693359, 237.304688
771.972656, -1110.107422, 29.785156
187.988281, -1440.185547, -497.314453
-113.037109, -1425.048828, -630.615234
-,-,-
803.222656, -778.076172, 59.570312
805.175781, -1008.544922, 59.570312
830.078125, -1125.732422, -82.275391
519.531250, -1345.947266, -254.150391
346.679688, -1506.103516, -466.064453
-87.158203, -1387.451172, -729.736328
-391.357422, -1257.568359, -911.376953
-496.826172, -939.697266, -926.513672
-510.986328, -732.177734, -871.826172
-337.646484, -424.560547, -615.966797
-321.533203, -218.505859, -534.912109
88.867188, -114.990234, -313.232422
322.753906, -32.958984, -153.076172
805.175781, -192.138672, -68.115234
1014.648438, -236.083984, 229.492188
1290.527344, -635.498047, 188.476562
1377.441406, -842.529297, 276.367188
1186.035156, -995.849609, 155.761719
822.265625, -1176.513672, -95.458984
297.363281, -1322.998047, -490.478516
91.796875, -1377.685547, -602.783203
-,-,-
741.699219, -890.869141, -13.427734
944.335938, -1158.935547, 56.640625
573.730469, -1330.810547, -175.537109
324.707031, -1577.880859, -366.455078
-237.548828, -1437.255859, -697.509766
-619.384766, -1258.544922, -865.966797
-637.451172, -994.873047, -837.646484
-599.365234, -687.744141, -658.935547
-390.869141, -462.646484, -446.044922
-289.794922, -256.591797, -331.787109
81.542969, -139.404297, -185.302734
245.605469, -57.373047, -133.056641
711.425781, -142.333984, -31.982422
937.988281, -275.146484, 45.898438
1338.378906, -524.169922, 215.820312
1412.109375, -791.748047, 211.914062
1266.601562, -963.623047, 107.421875
824.218750, -1123.779297, -208.251953
416.992188, -1392.333984, -520.751953
227.539062, -1371.826172, -719.482422
-,-,-
774.414062, -807.373047, -18.310547
883.789062, -888.427734, -6.103516
890.136719, -1022.705078, -37.353516
557.128906, -1181.884766, -110.107422
397.949219, -1503.173828, -278.076172
-42.724609, -1462.158203, -530.029297
-293.212891, -1349.365234, -761.474609
-492.431641, -1154.052734, -839.599609
-520.751953, -845.458984, -727.783203
-350.830078, -609.619141, -479.248047
-295.166016, -401.123047, -355.224609
-221.435547, -162.353516, -260.986328
17.089844, 12.695312, -168.701172
645.019531, -224.365234, -99.853516
779.785156, -153.076172, 22.949219
1307.617188, -574.462891, 22.460938
1340.820312, -707.763672, 75.195312
1440.917969, -931.396484, 53.222656
907.714844, -1118.896484, -61.279297
372.558594, -1339.111328, -358.154297
133.300781, -1486.083984, -561.279297
-,-,-
721.679688, -808.349609, -47.607422
854.492188, -998.779297, -2.197266
766.113281, -1129.638672, -4.150391
606.933594, -1424.072266, -114.990234
148.925781, -1524.169922, -524.169922
-469.970703, -1438.232422, -883.056641
-550.537109, -1150.146484, -961.181641
-654.052734, -803.466797, -830.322266
-568.115234, -438.232422, -517.333984
-348.388672, -171.630859, -259.033203
-160.400391, -81.787109, -236.572266
309.570312, -167.724609, -232.666016
674.316406, -129.638672, -37.841797
1080.566406, -372.802734, 12.695312
1172.851562, -521.240234, 123.046875
1464.355469, -807.373047, 261.718750
1208.496094, -971.435547, 144.531250
809.570312, -1081.787109, -2.197266
459.472656, -1187.255859, -194.091797
211.425781, -1302.978516, -426.513672
166.992188, -1244.873047, -395.263672
-,-,-
906.738281, -819.091797, 105.957031
818.847656, -915.771484, 102.050781
803.222656, -1311.279297, 13.671875
500.000000, -1589.599609, -241.943359
208.007812, -1600.341797, -627.197266
-458.740234, -1403.076172, -1169.189453
-564.697266, -1000.732422, -1016.357422
-607.177734, -718.505859, -845.458984
-350.830078, -437.255859, -434.326172
-241.943359, -233.154297, -316.162109
50.781250, -101.318359, -145.263672
346.679688, -80.810547, -120.849609
764.648438, -205.810547, 0.976562
1051.757812, -292.724609, 117.187500
1394.042969, -629.638672, 269.531250
1266.601562, -694.091797, 326.171875
1185.058594, -910.888672, 270.507812
739.746094, -1188.232422, -78.369141
321.289062, -1288.818359, -330.810547
122.070312, -1459.228516, -634.521484
-,-,-
817.871094, -876.708984, 61.523438
749.511719, -1118.896484, -4.150391
660.644531, -1229.248047, -34.912109
225.097656, -1517.333984, -382.568359
89.843750, -1502.197266, -584.716797
-487.060547, -1232.177734, -1010.498047
-532.470703, -1007.568359, -983.642578
-563.232422, -719.482422, -849.365234
-454.345703, -471.435547, -577.880859
-236.083984, -266.357422, -316.162109
-61.279297, -176.513672, -260.986328
353.515625, -39.794922, -44.677734
717.285156, -135.498047, -43.701172
1230.957031, -293.701172, 252.929688
1190.917969, -476.318359, 246.093750
1335.449219, -788.818359, 339.355469
1096.191406, -915.771484, 193.359375
723.144531, -1281.005859, -212.646484
316.894531, -1423.583984, -546.142578
-,-,-
775.390625, -657.958984, 83.496094
878.906250, -780.029297, 43.945312
908.203125, -988.037109, 43.945312
762.207031, -1277.099609, -49.072266
502.929688, -1496.826172, -230.712891
95.214844, -1567.138672, -553.466797
-401.123047, -1392.333984, -836.669922
-541.259766, -1146.240234, -864.990234
-607.177734, -888.427734, -835.693359
-435.791016, -527.587891, -470.947266
-356.689453, -249.755859, -399.169922
27.343750, -118.896484, -230.224609
337.402344, -23.193359, -152.099609
696.289062, -99.365234, -136.474609
1130.859375, -236.083984, 81.542969
1199.218750, -442.138672, 144.531250
1447.753906, -701.904297, 266.601562
1264.160156, -897.705078, 253.906250
915.039062, -1167.724609, -84.228516
555.175781, -1358.154297, -373.779297
-,-,-
782.714844, -762.451172, -20.263672
974.121094, -1005.615234, 44.921875
738.769531, -1228.271484, -125.732422
522.460938, -1564.208984, -315.185547
118.652344, -1578.857422, -617.919922
-393.310547, -1413.818359, -782.958984
-559.326172, -1099.365234, -825.927734
-688.232422, -794.677734, -779.541016
-465.576172, -491.455078, -459.716797
-397.705078, -274.169922, -430.419922
-82.275391, -149.169922, -291.259766
274.902344, -45.654297, -127.685547
685.058594, -170.654297, -132.080078
1132.812500, -357.177734, 13.671875
1331.054688, -650.634766, 35.156250
1313.476562, -844.482422, 16.601562
1084.960938, -989.990234, -92.529297
677.734375, -1144.287109, -276.611328
305.664062, -1292.724609, -463.623047
62.988281, -1393.310547, -620.849609
21.484375, -1277.099609, -543.212891
-,-,-
872.558594, -831.787109, 1.953125
961.425781, -1022.216797, -61.279297
718.750000, -1249.755859, -185.791016
578.613281, -1530.029297, -326.904297
96.679688, -1538.818359, -622.314453
-178.955078, -1450.927734, -823.974609
-447.509766, -1128.662109, -804.931641
-498.291016, -802.490234, -661.865234
-589.599609, -512.451172, -517.333984
-404.052734, -272.216797, -330.810547
-201.904297, -153.076172, -319.091797
236.328125, -139.404297, -210.693359
468.261719, -8.544922, -126.708984
1004.882812, -234.130859, -7.568359
1156.250000, -357.177734, 147.460938
1482.910156, -717.529297, 145.507812
1349.121094, -881.591797, 137.695312
1167.968750, -1126.708984, -94.482422
618.164062, -1213.623047, -329.833984
292.968750, -1325.927734, -571.533203
158.691406, -1331.787109, -588.623047
-,-,-
697.753906, -533.447266, 69.335938
1108.398438, -772.216797, 23.437500
1036.621094, -849.853516, -55.908203
1058.105469, -1337.158203, -60.302734
726.074219, -1581.787109, -379.638672
217.773438, -1531.982422, -580.810547
-299.560547, -1344.482422, -878.662109
-635.986328, -1010.498047, -845.458984
-574.462891, -787.841797, -753.173828
-511.474609, -474.365234, -551.513672
-309.326172, -255.615234, -411.865234
29.296875, -143.310547, -267.333984
310.058594, 49.804688, -160.888672
752.929688, -48.583984, -47.607422
1062.988281, -197.998047, 10.742188
1488.769531, -553.466797, 230.957031
1347.167969, -786.865234, 131.835938
1359.375000, -1165.771484, -10.498047
648.437500, -1291.748047, -457.763672
360.351562, -1468.017578, -648.681641
76.171875, -1278.076172, -532.958984
-,-,-
948.242188, -624.755859, 41.015625
1057.617188, -822.021484, 33.203125
986.328125, -1152.099609, -72.998047
774.414062, -1512.451172, -283.447266
381.347656, -1633.544922, -568.115234
-191.650391, -1462.158203, -866.943359
-531.494141, -1098.876953, -835.693359
-546.630859, -777.099609, -698.974609
-632.568359, -411.865234, -552.490234
-468.994141, -133.544922, -373.779297
-127.685547, 59.570312, -195.068359
430.664062, 92.773438, -84.716797
974.609375, -102.294922, -68.115234
1277.832031, -283.447266, 41.015625
1452.148438, -525.146484, 60.546875
1592.773438, -806.396484, 188.476562
1343.261719, -977.294922, -54.931641
807.128906, -1242.919922, -585.693359
394.531250, -1315.185547, -730.224609
-,-,-
957.031250, -510.498047, 19.531250
1178.222656, -736.083984, -15.380859
1091.308594, -1008.544922, -48.095703
969.238281, -1316.162109, -235.595703
605.957031, -1584.716797, -564.208984
129.394531, -1403.076172, -740.966797
-358.154297, -1199.951172, -978.271484
-528.076172, -934.814453, -933.349609
-514.404297, -616.943359, -647.705078
-450.927734, -390.380859, -417.236328
-234.130859, -273.193359, -300.537109
-9.033203, -162.353516, -230.224609
383.789062, -140.380859, -136.474609
720.214844, -159.912109, -19.287109
1338.867188, -423.583984, 85.937500
1404.296875, -613.037109, 161.132812
1411.132812, -821.044922, 212.890625
1020.507812, -1012.451172, -112.060547
593.750000, -1268.310547, -532.958984
274.902344, -1335.693359, -687.255859
192.382812, -1237.060547, -502.685547
-,-,-
914.550781, -828.857422, -83.740234
997.070312, -977.294922, -16.357422
767.578125, -1173.583984, -166.748047
624.023438, -1425.048828, -290.283203
219.726562, -1444.091797, -504.638672
-149.658203, -1353.271484, -749.755859
-420.166016, -1090.576172, -710.693359
-485.595703, -842.529297, -639.404297
-372.802734, -559.326172, -400.146484
-310.791016, -344.482422, -301.513672
-150.634766, -166.748047, -239.013672
210.937500, -101.318359, -183.837891
480.957031, -51.513672, -144.287109
1141.113281, -257.568359, 127.441406
1144.531250, -461.669922, 84.960938
1538.085938, -791.748047, 156.738281
1203.125000, -887.451172, 80.566406
851.074219, -1165.771484, -221.435547
-,-,-
131.835938, -919.677734, 10.742188
562.988281, -837.646484, 219.726562
863.281250, -1088.623047, 375.000000
1159.667969, -1154.052734, 641.601562
461.425781, -1481.201172, 464.355469
-197.021484, -1721.435547, 97.656250
-756.591797, -1535.888672, -64.208984
-1094.482422, -1321.044922, -591.552734
-1254.638672, -864.013672, -853.271484
-870.849609, -476.318359, -846.435547
-718.505859, -39.306641, -746.826172
-173.095703, 243.164062, -629.638672
498.046875, 505.859375, -380.615234
1190.917969, 194.824219, -220.458984
1999.755859, -703.857422, 360.839844
1983.398438, -994.873047, 416.503906
1521.484375, -1549.560547, 84.960938
-,-,-
681.640625, -778.076172, 42.968750
985.839844, -865.966797, 244.140625
1112.792969, -1130.615234, 309.570312
571.777344, -1661.865234, 91.796875
169.433594, -1864.990234, -69.091797
-686.767578, -1728.271484, -566.162109
-846.435547, -1454.833984, -825.927734
-1075.439453, -845.458984, -857.666016
-757.568359, -451.416016, -696.044922
-638.427734, -25.146484, -580.810547
-189.697266, 210.937500, -426.513672
328.125000, 289.062500, -371.826172
1137.207031, 27.343750, -95.458984
1599.609375, -292.724609, 139.648438
1921.875000, -649.169922, 473.632812
1820.800781, -1028.076172, 467.285156
959.472656, -1429.443359, -58.349609
-,-,-
780.273438, -837.646484, 128.417969
896.972656, -972.412109, 241.210938
893.066406, -1233.154297, 220.703125
619.140625, -1660.888672, 39.062500
176.757812, -1906.982422, -192.138672
-690.185547, -1521.240234, -696.044922
-1195.068359, -1048.583984, -1089.111328
-920.166016, -649.658203, -906.982422
-656.982422, -206.787109, -577.880859
-301.513672, -53.466797, -373.779297
67.382812, -27.099609, -307.861328
436.035156, 103.515625, -239.501953
841.796875, 151.367188, -102.294922
1335.449219, -260.498047, 26.855469
1927.734375, -621.826172, 410.156250
1999.755859, -1157.958984, 492.675781
999.511719, -1359.130859, -112.060547
-,-,-
849.121094, -792.724609, 147.460938
1074.707031, -945.068359, 268.554688
946.777344, -1195.068359, 207.519531
625.976562, -1555.419922, -100.830078
-191.650391, -1722.412109, -507.568359
-581.298828, -1609.130859, -806.884766
-892.333984, -1171.630859, -864.990234
-716.064453, -724.365234, -659.912109
-691.650391, -380.615234, -627.685547
-422.119141, -82.275391, -467.041016
-76.904297, 63.476562, -374.755859
362.304688, 345.703125, -200.927734
1008.789062, 55.664062, -110.107422
1472.167969, -172.607422, 131.347656
1999.755859, -744.873047, 530.273438
1651.855469, -1013.427734, 312.011719
-,-,-
578.613281, -649.169922, 82.519531
969.238281, -850.341797, 221.679688
913.085938, -1125.732422, 145.507812
797.851562, -1585.205078, 37.109375
248.046875, -1822.021484, -421.630859
-434.326172, -1666.259766, -769.287109
-774.169922, -1279.052734, -990.478516
-933.349609, -791.748047, -901.123047
-642.333984, -289.306641, -507.568359
-496.826172, 25.390625, -328.857422
-175.048828, 80.566406, -365.478516
254.394531, 260.742188, -271.240234
987.304688, -76.416016, -199.951172
1416.503906, -240.966797, 30.761719
1907.714844, -613.037109, 355.468750
1748.535156, -855.224609, 345.703125
1324.218750, -1246.826172, 137.695312
250.000000, -1631.103516, -439.697266
-225.341797, -1592.529297, -571.533203
-,-,-
860.839844, -927.490234, 105.957031
999.511719, -1111.083984, 257.324219
532.714844, -1433.349609, -15.380859
229.003906, -1826.904297, -306.396484
-543.701172, -1729.248047, -896.240234
-859.619141, -1358.154297, -983.154297
-803.466797, -759.521484, -833.740234
-677.978516, -301.513672, -618.896484
-410.888672, 113.281250, -348.388672
-33.935547, 171.875000, -267.333984
331.542969, 186.523438, -259.033203
1234.863281, 17.578125, -81.787109
1453.613281, -311.279297, 160.156250
1999.755859, -881.591797, 508.789062
1515.625000, -1094.970703, 402.343750
741.210938, -1287.841797, -9.521484
-5.615234, -1448.974609, -381.591797
-,-,-
924.804688, -957.763672, 56.152344
984.863281, -1103.271484, 95.703125
733.398438, -1250.732422, -9.521484
541.015625, -1590.087891, -164.794922
-128.173828, -1630.615234, -639.404297
-635.986328, -1384.521484, -861.572266
-924.560547, -990.966797, -1009.033203
-767.333984, -603.271484, -673.095703
-491.455078, -339.599609, -427.490234
-322.998047, -100.341797, -260.986328
94.238281, -37.841797, -234.619141
512.695312, 77.148438, -13.427734
912.109375, -154.052734, -37.841797
1529.296875, -410.888672, 282.226562
1372.070312, -719.482422, 227.539062
1449.218750, -1088.623047, 243.164062
-,-,-
797.363281, -708.740234, 102.050781
847.656250, -919.677734, 14.648438
676.269531, -1168.701172, -131.103516
842.285156, -1487.060547, -50.537109
691.406250, -1657.958984, -115.966797
52.246094, -1471.435547, -378.662109
-499.267578, -1351.318359, -864.013672
-993.408203, -997.802734, -1059.326172
-1014.404297, -652.587891, -875.732422
-669.189453, -296.630859, -421.630859
-338.623047, -155.029297, -219.482422
-11.962891, -73.974609, -165.771484
335.449219, 6.835938, -152.587891
714.355469, -55.419922, -131.103516
1116.210938, -249.755859, -23.193359
1423.339844, -513.427734, 211.425781
1574.707031, -805.419922, 277.343750
1455.566406, -1137.451172, 142.578125
-,-,-
810.058594, -843.505859, 124.511719
916.015625, -902.099609, 154.785156
915.527344, -1078.857422, 113.281250
677.246094, -1359.130859, -77.392578
342.773438, -1640.380859, -386.474609
-108.154297, -1595.458984, -747.802734
-639.404297, -1343.505859, -994.873047
-807.373047, -907.958984, -820.068359
-678.466797, -693.603516, -652.587891
-626.708984, -379.638672, -488.525391
-418.701172, -95.458984, -319.091797
-156.494141, 27.343750, -358.154297
303.710938, 56.640625, -266.357422
826.660156, -97.412109, -154.052734
1151.855469, -241.455078, 17.578125
1562.500000, -611.083984, 144.531250
1603.515625, -736.083984, 342.285156
1627.929688, -892.333984, 358.398438
1024.902344, -1071.044922, -34.912109
-,-,-
904.785156, -758.544922, 83.496094
1045.898438, -843.505859, 87.890625
1082.519531, -988.037109, 86.914062
785.644531, -1246.826172, -75.927734
655.273438, -1571.044922, -209.228516
49.804688, -1620.849609, -594.970703
-363.037109, -1584.716797, -948.974609
-754.150391, -1134.521484, -1068.115234
-934.326172, -725.341797, -1055.419922
-703.857422, -227.294922, -878.662109
-506.103516, 94.726562, -670.654297
-75.927734, 298.828125, -360.107422
393.066406, 263.671875, -169.677734
861.328125, 39.062500, -312.744141
1576.660156, -37.353516, 260.253906
1686.035156, -448.486328, 210.937500
1850.585938, -721.435547, 365.722656
1513.671875, -851.806641, 343.750000
867.187500, -1131.591797, -210.693359
445.800781, -1387.451172, -379.638672
-,-,-
847.656250, -666.748047, 76.660156
1191.406250, -994.873047, 141.601562
854.492188, -1275.146484, -138.916016
828.125000, -1495.849609, -98.876953
262.207031, -1585.205078, -520.751953
-198.974609, -1578.857422, -764.404297
-479.248047, -1374.755859, -1068.603516
-802.978516, -1072.998047, -1093.994141
-683.837891, -658.935547, -958.251953
-658.447266, -197.021484, -820.068359
-409.912109, 112.304688, -639.404297
-0.732422, 510.742188, -279.052734
368.164062, 434.570312, -363.525391
1063.964844, 283.691406, -162.841797
1591.796875, -157.958984, 82.031250
1957.519531, -534.912109, 356.445312
1961.425781, -755.615234, 526.367188
1538.085938, -856.201172, 291.015625
1034.179688, -917.724609, -33.935547
498.046875, -1345.458984, -461.669922
194.335938, -1550.537109, -707.763672
-,-,-
1034.667969, -726.318359, 212.402344
1413.574219, -864.990234, 445.312500
1380.371094, -1082.763672, 526.367188
978.515625, -1542.236328, 201.660156
166.503906, -1803.466797, -327.880859
-494.873047, -1844.482422, -709.716797
-1168.212891, -1472.412109, -1003.662109
-1106.201172, -907.958984, -939.697266
-950.927734, -408.447266, -842.529297
-582.763672, -77.392578, -695.068359
-263.427734, 153.320312, -557.373047
264.648438, 222.656250, -464.599609
874.511719, 136.718750, -375.732422
1643.554688, -81.298828, 120.605469
1870.117188, -305.419922, 536.132812
1999.755859, -865.966797, 911.621094
1304.199219, -1093.994141, 332.519531
-,-,-
780.761719, -763.916016, 160.156250
895.507812, -852.783203, 133.789062
1138.183594, -1001.708984, 327.148438
870.117188, -1289.794922, 220.703125
721.191406, -1738.037109, 28.808594
179.687500, -1820.068359, -468.994141
-530.517578, -1634.521484, -837.646484
-912.353516, -1079.833984, -934.814453
-987.548828, -567.626953, -897.216797
-579.345703, -147.216797, -632.568359
-365.478516, 66.406250, -582.763672
63.964844, 214.843750, -549.072266
652.343750, 377.929688, -278.076172
1233.886719, 94.726562, -116.943359
1805.175781, -348.388672, 142.578125
1999.755859, -641.357422, 743.164062
1791.503906, -971.923828, 486.328125
980.468750, -1322.998047, -126.708984
110.839844, -1658.935547, -784.423828
-,-,-
494.628906, -224.365234, 131.347656
1164.062500, -599.365234, 112.304688
1742.187500, -1267.333984, 232.910156
1147.949219, -1784.423828, -39.794922
287.597656, -1822.998047, -629.638672
-432.373047, -1591.552734, -754.150391
-1055.908203, -1269.287109, -964.599609
-1194.091797, -839.599609, -845.458984
-996.337891, -507.568359, -785.888672
-744.873047, -251.708984, -711.669922
-387.451172, -78.857422, -553.466797
-137.451172, 202.636719, -538.818359
475.097656, 474.609375, -434.814453
1074.707031, 243.652344, -335.205078
1999.755859, -343.505859, 148.925781
1999.755859, -872.802734, 388.183594
1963.867188, -1205.810547, 350.585938
555.175781, -1670.654297, -633.544922
