-,-,-
22.949219, -809.326172, 13.671875
62.011719, -858.642578, 117.187500
-39.306641, -754.638672, 31.250000
-171.630859, -878.662109, 235.839844
-201.416016, -743.896484, 86.914062
-437.744141, -876.708984, 143.554688
-598.388672, -906.005859, 137.695312
-758.544922, -841.552734, -33.935547
-814.697266, -864.013672, 19.042969
-1037.841797, -804.443359, -110.107422
-1074.462891, -813.720703, -253.662109
-1117.919922, -676.513672, -222.412109
-1073.486328, -526.123047, -279.052734
-1108.154297, -513.427734, -194.091797
-1004.638672, -523.193359, -83.740234
-925.048828, -613.037109, -53.466797
-841.064453, -691.162109, 95.703125
-618.408203, -612.548828, 54.199219
-522.705078, -907.958984, 160.644531
-321.044922, -861.083984, 50.292969
-242.431641, -988.525391, 46.386719
-156.494141, -916.748047, 52.246094
-13.916016, -927.490234, -24.658203
107.421875, -1021.240234, 100.585938
229.003906, -913.818359, -104.736328
294.433594, -1066.162109, 29.296875
247.558594, -1076.904297, -55.908203
125.976562, -1166.748047, 10.742188
61.523438, -1049.560547, -58.349609
-,-,-
221.191406, -888.427734, -58.349609
399.414062, -890.380859, 50.292969
299.316406, -844.482422, -87.646484
304.687500, -845.458984, 104.003906
243.652344, -854.248047, -125.732422
67.382812, -925.537109, 9.765625
-82.275391, -915.771484, -62.255859
-239.501953, -937.744141, -175.537109
-488.037109, -829.833984, -184.814453
-644.775391, -928.466797, -303.466797
-746.826172, -778.564453, -400.146484
-839.599609, -675.537109, -759.521484
-813.232422, -726.318359, -619.873047
-947.509766, -613.037109, -824.951172
-919.677734, -632.568359, -724.853516
-899.658203, -641.357422, -518.798828
-791.748047, -598.388672, -504.638672
-781.982422, -596.435547, -344.482422
-673.583984, -618.896484, -372.802734
-598.388672, -746.826172, -236.083984
-546.630859, -781.005859, -332.763672
-382.568359, -982.177734, -49.560547
-224.853516, -840.576172, -350.341797
-4.638672, -999.755859, -111.083984
96.191406, -898.681641, -354.248047
201.171875, -1015.380859, -148.193359
224.121094, -968.505859, -327.880859
170.898438, -967.529297, -318.115234
103.515625, -920.654297, -373.779297
8.789062, -957.763672, -325.927734
-46.142578, -987.060547, -371.826172
-84.716797, -959.716797, -382.568359
-,-,-
182.128906, -662.841797, -235.595703
295.898438, -876.708984, -77.392578
291.015625, -647.216797, -206.298828
261.230469, -764.404297, -36.865234
199.218750, -839.599609, -16.357422
124.023438, -854.736328, -219.482422
-186.279297, -820.556641, -260.986328
-186.279297, -893.798828, -484.130859
-538.818359, -872.802734, -520.751953
-564.697266, -945.068359, -590.576172
-718.994141, -862.060547, -695.556641
-787.353516, -806.396484, -697.509766
-796.142578, -685.302734, -715.576172
-797.607422, -648.681641, -722.412109
-835.693359, -605.224609, -722.900391
-852.294922, -632.568359, -580.810547
-851.318359, -590.576172, -537.841797
-767.333984, -731.689453, -373.779297
-676.025391, -660.888672, -419.677734
-530.517578, -861.083984, -163.818359
-350.830078, -755.615234, -422.607422
-181.884766, -958.740234, -173.583984
19.531250, -871.826172, -366.943359
121.093750, -968.505859, -276.123047
194.335938, -882.568359, -366.455078
184.082031, -814.697266, -446.533203
302.246094, -899.169922, -419.189453
284.179688, -817.138672, -468.994141
291.015625, -860.107422, -439.208984
238.769531, -861.083984, -481.201172
175.292969, -972.900391, -417.724609
137.695312, -1041.748047, -412.353516
-,-,-
283.203125, -803.466797, -242.919922
277.343750, -765.380859, -136.474609
301.269531, -647.216797, -214.599609
170.898438, -647.705078, -101.318359
50.781250, -729.248047, -222.412109
-161.376953, -739.013672, -347.412109
-294.189453, -896.728516, -355.224609
-458.740234, -908.935547, -566.162109
-516.357422, -952.880859, -588.623047
-684.814453, -935.791016, -762.451172
-683.837891, -939.208984, -665.771484
-783.935547, -802.490234, -843.505859
-770.751953, -785.888672, -762.451172
-787.353516, -741.943359, -726.318359
-726.318359, -705.810547, -641.357422
-700.927734, -692.626953, -460.693359
-637.451172, -669.677734, -458.740234
-465.576172, -855.712891, -216.552734
-388.916016, -656.982422, -519.287109
-120.361328, -1060.302734, -20.263672
-50.537109, -737.548828, -569.580078
140.625000, -1002.685547, -219.482422
122.558594, -765.380859, -541.748047
247.558594, -978.759766, -297.607422
297.851562, -842.529297, -509.521484
292.968750, -897.705078, -494.384766
237.304688, -850.830078, -454.833984
178.222656, -935.791016, -449.951172
116.699219, -963.623047, -395.263672
-,-,-
241.210938, -769.287109, -209.228516
300.292969, -774.658203, -95.458984
323.730469, -727.294922, -172.607422
235.351562, -702.880859, -239.013672
129.394531, -826.904297, -276.611328
-65.673828, -838.623047, -384.521484
-197.509766, -952.880859, -381.591797
-437.744141, -813.232422, -481.201172
-523.193359, -896.240234, -576.904297
-546.142578, -828.857422, -540.771484
-676.513672, -771.240234, -712.646484
-664.794922, -763.427734, -789.794922
-768.310547, -718.505859, -802.490234
-688.720703, -637.451172, -900.146484
-723.876953, -708.740234, -716.552734
-684.814453, -724.365234, -590.576172
-635.986328, -764.404297, -480.224609
-570.068359, -679.443359, -504.638672
-421.142578, -852.294922, -316.162109
-384.521484, -673.583984, -503.662109
-132.568359, -932.373047, -282.470703
-79.345703, -834.716797, -484.130859
114.746094, -973.388672, -319.091797
168.457031, -884.521484, -460.693359
235.351562, -945.068359, -387.939453
211.914062, -813.720703, -468.017578
118.652344, -884.521484, -424.560547
12.695312, -884.521484, -514.404297
-40.283203, -1042.724609, -499.755859
-,-,-
349.121094, -788.818359, -154.541016
445.800781, -815.185547, -26.611328
335.937500, -736.083984, -165.771484
317.871094, -691.650391, -95.458984
125.976562, -785.888672, -304.443359
-10.009766, -711.669922, -324.951172
-368.896484, -848.388672, -577.880859
-571.533203, -792.724609, -627.197266
-623.779297, -849.853516, -720.458984
-668.212891, -815.673828, -714.599609
-728.271484, -845.458984, -648.681641
-686.279297, -698.974609, -804.931641
-815.185547, -708.740234, -624.267578
-742.431641, -717.529297, -729.736328
-722.900391, -698.974609, -662.841797
-748.779297, -697.021484, -563.232422
-579.345703, -727.294922, -509.521484
-527.587891, -747.802734, -444.580078
-326.416016, -877.685547, -231.689453
-170.654297, -894.287109, -361.572266
-23.193359, -888.427734, -336.181641
199.218750, -806.396484, -559.326172
208.007812, -883.544922, -451.904297
205.566406, -869.873047, -450.927734
250.000000, -923.583984, -478.271484
158.691406, -934.814453, -442.626953
89.843750, -980.224609, -409.912109
-,-,-
432.617188, -784.912109, -94.482422
429.199219, -846.435547, 74.707031
407.714844, -743.896484, -156.494141
313.476562, -656.005859, -178.466797
186.035156, -658.935547, -289.794922
-27.099609, -693.115234, -308.837891
-285.888672, -705.810547, -503.662109
-352.294922, -730.712891, -516.357422
-683.837891, -778.076172, -620.849609
-662.841797, -736.083984, -743.896484
-843.505859, -813.720703, -837.646484
-859.619141, -831.787109, -861.572266
-878.662109, -884.521484, -907.470703
-807.373047, -862.060547, -754.150391
-802.978516, -831.787109, -615.966797
-668.212891, -736.083984, -547.119141
-611.572266, -703.857422, -409.912109
-412.353516, -821.044922, -207.275391
-257.568359, -876.708984, -189.208984
-73.486328, -841.552734, -170.654297
86.425781, -971.923828, -243.896484
265.625000, -935.791016, -277.099609
331.542969, -950.927734, -424.560547
331.054688, -960.693359, -352.294922
238.769531, -899.169922, -428.466797
142.089844, -926.513672, -412.841797
54.687500, -964.599609, -412.353516
-,-,-
326.660156, -741.943359, -154.541016
372.558594, -776.611328, -171.630859
264.648438, -749.755859, -251.708984
16.601562, -587.646484, -162.841797
3.417969, -634.521484, -325.927734
-162.353516, -664.794922, -403.076172
-343.994141, -730.712891, -482.177734
-642.333984, -780.029297, -550.537109
-688.720703, -892.822266, -711.669922
-805.908203, -916.748047, -689.208984
-849.853516, -1059.814453, -631.591797
-850.341797, -955.810547, -674.072266
-857.177734, -936.767578, -581.787109
-791.748047, -949.951172, -533.935547
-721.435547, -823.974609, -522.216797
-660.400391, -816.650391, -291.748047
-498.779297, -756.591797, -258.056641
-301.025391, -907.958984, -101.318359
-74.951172, -876.708984, -121.826172
49.316406, -837.646484, -248.779297
149.902344, -950.927734, -158.935547
257.812500, -894.775391, -337.158203
273.437500, -937.255859, -325.927734
238.281250, -902.099609, -437.255859
216.796875, -983.154297, -394.287109
-,-,-
524.414062, -556.396484, 19.531250
627.441406, -328.369141, 172.851562
600.585938, -651.611328, 211.425781
479.003906, -604.736328, 212.890625
245.605469, -697.021484, -95.458984
153.320312, -814.208984, -78.369141
-81.298828, -940.185547, -228.271484
-199.462891, -1161.865234, -189.208984
-437.744141, -1227.294922, -349.365234
-531.494141, -1302.490234, -394.775391
-716.064453, -1247.802734, -488.037109
-772.705078, -1197.998047, -582.763672
-723.876953, -1111.083984, -470.458984
-669.677734, -1004.638672, -464.599609
-516.357422, -926.513672, -369.873047
-383.056641, -826.904297, -260.009766
-253.173828, -896.728516, -230.224609
-70.556641, -832.763672, -129.150391
182.617188, -851.806641, -18.310547
399.414062, -828.857422, 63.476562
544.921875, -886.474609, 131.347656
601.562500, -841.552734, 202.148438
607.910156, -858.154297, 127.441406
591.308594, -820.068359, 112.304688
547.363281, -921.630859, 100.097656
-,-,-
406.738281, -725.830078, 98.632812
405.273438, -555.419922, 186.035156
569.335938, -532.470703, 203.125000
501.464844, -538.818359, 404.296875
454.589844, -657.958984, 304.687500
303.222656, -788.818359, 118.164062
205.566406, -915.771484, 6.835938
32.714844, -991.943359, -65.185547
-91.552734, -1141.357422, -212.646484
-215.576172, -1157.958984, -383.544922
-347.412109, -1283.935547, -436.279297
-491.943359, -1026.123047, -686.279297
-605.712891, -1076.904297, -847.412109
-654.052734, -1065.185547, -903.076172
-639.404297, -909.912109, -762.451172
-478.759766, -878.662109, -558.349609
-390.869141, -821.044922, -361.083984
-284.423828, -918.701172, -291.259766
-178.466797, -941.162109, -194.091797
-86.669922, -988.037109, -184.326172
52.734375, -913.818359, -104.736328
220.214844, -917.724609, -31.982422
355.957031, -875.732422, 14.648438
451.171875, -785.888672, 85.937500
591.308594, -789.794922, 103.027344
629.394531, -768.310547, 191.406250
634.765625, -861.083984, 143.554688
625.976562, -946.044922, 98.632812
508.789062, -908.935547, 37.109375
-,-,-
514.648438, -393.310547, 498.046875
534.667969, -701.904297, 478.515625
603.027344, -619.873047, 570.800781
480.468750, -639.404297, 405.273438
364.746094, -652.587891, 304.687500
215.332031, -814.208984, 34.179688
72.753906, -950.927734, -96.435547
-92.529297, -960.693359, -272.216797
-251.708984, -1083.740234, -473.388672
-349.365234, -976.806641, -517.822266
-488.037109, -1113.037109, -606.201172
-574.462891, -873.779297, -880.126953
-635.986328, -1005.615234, -834.716797
-644.775391, -1017.822266, -854.248047
-544.189453, -985.107422, -644.287109
-449.951172, -1033.935547, -446.533203
-306.396484, -995.849609, -266.357422
-177.490234, -972.900391, -165.771484
-72.509766, -906.982422, -69.091797
85.449219, -857.666016, 31.250000
214.355469, -907.958984, -0.244141
340.820312, -852.783203, 71.289062
492.675781, -813.232422, 96.679688
579.589844, -827.880859, 140.625000
582.031250, -837.646484, 157.226562
504.882812, -949.951172, 70.312500
486.816406, -1047.607422, 23.925781
409.179688, -1012.451172, -40.771484
-,-,-
415.039062, -634.521484, 474.609375
494.628906, -582.763672, 622.558594
568.359375, -611.572266, 583.007812
473.632812, -682.373047, 454.101562
326.660156, -792.724609, 224.609375
199.707031, -767.333984, -24.658203
37.597656, -864.501953, -32.958984
-135.009766, -952.880859, -245.849609
-203.369141, -1101.806641, -264.404297
-411.376953, -1089.599609, -552.490234
-474.365234, -1006.591797, -832.275391
-532.470703, -1145.263672, -655.029297
-628.173828, -1063.232422, -953.857422
-557.861328, -1237.060547, -634.521484
-529.052734, -963.623047, -544.189453
-387.939453, -855.712891, -215.087891
-253.173828, -861.083984, -126.708984
-149.658203, -864.990234, -60.302734
-36.865234, -983.154297, -90.576172
87.890625, -906.982422, 54.199219
236.328125, -982.177734, 148.437500
327.148438, -915.771484, 146.484375
379.882812, -923.583984, 145.507812
487.304688, -903.076172, 148.437500
559.082031, -729.736328, 194.335938
562.011719, -961.669922, 171.875000
568.359375, -954.833984, 125.488281
-,-,-
587.890625, -472.412109, 659.179688
567.871094, -582.763672, 586.914062
645.996094, -475.341797, 442.871094
477.539062, -549.560547, 405.273438
304.687500, -702.880859, 188.476562
191.894531, -846.435547, 16.601562
50.781250, -999.755859, -126.220703
-107.177734, -1131.591797, -296.630859
-267.333984, -1163.818359, -345.947266
-405.517578, -1220.947266, -663.818359
-475.341797, -1238.037109, -663.818359
-523.681641, -1206.787109, -668.701172
-435.302734, -1339.599609, -549.072266
-346.435547, -1098.388672, -309.814453
-244.384766, -954.833984, -208.251953
-159.912109, -881.591797, -131.103516
-21.240234, -973.876953, -26.611328
149.414062, -835.693359, 124.023438
379.394531, -859.130859, 244.140625
535.644531, -883.056641, 341.796875
624.023438, -858.154297, 359.375000
629.394531, -857.666016, 290.039062
578.125000, -850.341797, 251.953125
506.835938, -875.732422, 168.945312
438.476562, -976.806641, 131.347656
-,-,-
524.902344, -503.662109, 548.828125
604.003906, -594.482422, 732.421875
587.402344, -578.857422, 533.203125
519.042969, -639.404297, 511.718750
341.308594, -653.564453, 227.539062
186.523438, -845.458984, 18.554688
47.363281, -898.193359, -13.427734
-162.841797, -1057.861328, -327.880859
-230.712891, -1026.123047, -264.892578
-409.912109, -1156.982422, -676.513672
-459.716797, -1140.869141, -593.505859
-503.662109, -1225.341797, -748.779297
-475.341797, -1167.724609, -535.888672
-420.654297, -1137.939453, -427.490234
-345.947266, -999.755859, -222.412109
-260.009766, -1011.962891, -208.251953
-138.427734, -960.693359, -31.005859
-53.466797, -960.693359, -11.474609
76.171875, -927.490234, 116.210938
252.929688, -841.552734, 146.484375
437.011719, -790.771484, 286.621094
574.218750, -738.037109, 409.179688
695.312500, -810.302734, 434.570312
705.566406, -809.814453, 425.781250
629.394531, -1002.685547, 361.328125
562.988281, -982.177734, 294.921875
519.531250, -956.787109, 120.117188
-,-,-
439.453125, -404.052734, 592.285156
490.234375, -539.794922, 571.777344
512.207031, -448.486328, 623.535156
402.343750, -572.021484, 497.070312
263.671875, -717.529297, 419.433594
169.433594, -828.857422, 158.691406
-38.330078, -1085.693359, -47.607422
-177.490234, -1234.130859, -69.091797
-251.220703, -1217.041016, -601.318359
-329.833984, -1271.240234, -342.041016
-445.556641, -1236.083984, -842.529297
-470.947266, -1349.365234, -684.326172
-487.548828, -1151.123047, -492.919922
-385.498047, -1059.326172, -215.576172
-293.212891, -971.435547, -69.091797
-123.779297, -989.990234, 28.320312
-51.513672, -947.021484, 100.585938
77.148438, -911.865234, 112.304688
340.332031, -806.396484, 355.468750
563.964844, -812.744141, 479.492188
676.269531, -842.529297, 541.992188
699.707031, -771.728516, 447.265625
660.156250, -828.857422, 380.859375
553.710938, -868.896484, 249.023438
479.492188, -931.884766, 183.105469
449.218750, -947.021484, 196.289062
-,-,-
342.285156, -539.794922, 463.378906
435.058594, -373.779297, 703.125000
405.761719, -657.958984, 753.417969
354.492188, -629.638672, 660.156250
240.722656, -899.658203, 250.976562
143.066406, -934.814453, 169.921875
18.554688, -1067.138672, -94.482422
-43.701172, -1170.654297, -92.529297
-181.396484, -1300.537109, -243.896484
-242.919922, -1558.349609, -474.365234
-189.697266, -1393.310547, -384.521484
-192.138672, -1316.162109, -426.513672
-198.486328, -1166.748047, -282.958984
-175.537109, -1096.923828, -271.240234
-138.427734, -999.755859, -161.865234
-73.486328, -981.201172, -104.736328
28.320312, -887.451172, 34.179688
139.160156, -859.130859, 172.851562
313.476562, -787.841797, 282.226562
489.257812, -727.294922, 490.234375
629.394531, -740.966797, 518.066406
712.890625, -721.435547, 506.835938
731.933594, -727.294922, 490.234375
686.035156, -827.880859, 405.273438
586.914062, -876.708984, 291.015625
503.906250, -888.427734, 224.609375
-,-,-
268.066406, -469.482422, 724.121094
236.816406, -528.076172, 592.773438
343.750000, -381.591797, 905.761719
331.542969, -448.486328, 689.453125
289.550781, -471.435547, 535.156250
223.144531, -852.783203, 242.187500
125.000000, -873.779297, 182.128906
26.367188, -1156.982422, -85.693359
-70.068359, -1169.677734, -51.025391
-147.705078, -1420.166016, -325.927734
-171.142578, -1531.982422, -316.650391
-236.083984, -1445.068359, -768.310547
-224.365234, -1479.248047, -712.646484
-221.923828, -1099.365234, -467.041016
-163.818359, -1127.685547, -183.837891
-122.802734, -885.498047, -9.521484
-38.330078, -900.146484, 67.382812
83.007812, -759.521484, 182.128906
198.730469, -846.435547, 179.687500
401.367188, -781.005859, 378.906250
480.468750, -811.279297, 341.308594
625.000000, -783.935547, 558.593750
657.226562, -784.912109, 518.066406
614.257812, -853.271484, 455.078125
544.921875, -876.708984, 398.437500
481.445312, -941.162109, 228.515625
-,-,-
328.125000, -254.638672, 902.343750
339.355469, -323.486328, 987.792969
463.378906, -339.599609, 745.117188
407.714844, -409.912109, 742.187500
362.792969, -451.416016, 483.398438
219.726562, -714.599609, 301.757812
96.679688, -940.185547, 153.808594
48.339844, -1238.037109, 19.531250
-75.927734, -1410.888672, -207.275391
-91.552734, -1452.880859, -299.560547
-114.013672, -1423.583984, -422.607422
-200.439453, -1487.060547, -524.658203
-182.373047, -1344.482422, -430.419922
-155.029297, -1299.072266, -204.345703
-137.451172, -1108.154297, -59.326172
-6.591797, -1033.935547, 119.140625
58.593750, -925.537109, 162.109375
227.539062, -771.728516, 352.539062
391.113281, -707.763672, 369.140625
525.878906, -649.658203, 509.765625
579.589844, -708.740234, 496.093750
593.261719, -752.685547, 462.890625
582.031250, -786.865234, 472.656250
558.105469, -861.083984, 429.687500
503.417969, -872.802734, 346.679688
-,-,-
366.699219, -339.599609, 536.132812
463.378906, -459.716797, 721.679688
410.644531, -422.607422, 687.500000
379.394531, -558.349609, 615.722656
229.980469, -684.326172, 302.734375
152.343750, -853.759766, 147.460938
-28.076172, -1077.880859, 2.929688
-80.322266, -1260.009766, -295.654297
-137.451172, -1361.083984, -94.482422
-244.384766, -1742.919922, -501.708984
-195.068359, -1531.982422, -217.529297
-189.697266, -1454.833984, -313.720703
-124.755859, -1168.701172, -170.654297
-98.388672, -1048.583984, -114.013672
-56.396484, -941.162109, 1.953125
-30.029297, -930.419922, 28.320312
68.847656, -852.783203, 164.062500
204.589844, -881.591797, 275.390625
329.101562, -807.373047, 422.851562
498.046875, -740.966797, 585.937500
569.335938, -708.740234, 602.539062
624.023438, -655.029297, 578.125000
603.515625, -722.412109, 489.257812
564.941406, -801.513672, 490.234375
452.636719, -883.544922, 337.402344
-,-,-
306.640625, -433.349609, 833.984375
323.730469, -486.083984, 794.921875
355.957031, -499.755859, 744.140625
321.289062, -543.701172, 550.781250
220.214844, -780.029297, 346.679688
131.347656, -850.341797, 158.203125
2.929688, -1250.732422, 77.636719
-27.099609, -1351.318359, -50.048828
-98.388672, -1558.349609, -374.755859
-111.572266, -1505.126953, -363.525391
-91.064453, -1385.009766, -544.189453
-93.017578, -1234.130859, -390.869141
-129.150391, -1145.263672, -455.810547
-98.388672, -1066.162109, -266.845703
-72.998047, -951.904297, -113.037109
-32.470703, -885.498047, 30.273438
56.152344, -912.841797, 208.496094
188.476562, -852.783203, 310.058594
306.640625, -862.060547, 355.468750
428.222656, -788.818359, 475.585938
542.480469, -762.451172, 479.492188
538.085938, -785.888672, 530.273438
570.312500, -787.841797, 480.468750
551.757812, -839.599609, 441.894531
501.953125, -858.154297, 379.882812
-,-,-
514.160156, -507.568359, 580.078125
450.683594, -497.802734, 533.203125
430.175781, -219.482422, 892.578125
450.195312, -185.302734, 762.695312
345.703125, -300.537109, 799.804688
219.726562, -524.169922, 610.351562
79.589844, -690.673828, 459.472656
1.953125, -942.138672, 302.734375
-91.552734, -1157.958984, 121.093750
-194.091797, -1453.857422, -172.607422
-208.740234, -1339.599609, -111.083984
-277.099609, -1587.158203, -497.802734
-271.240234, -1287.841797, -360.595703
-301.025391, -1364.990234, -501.708984
-255.615234, -1230.224609, -277.099609
-188.232422, -1111.083984, -101.318359
-96.923828, -978.271484, 93.750000
2.441406, -861.083984, 270.507812
132.812500, -817.138672, 348.632812
275.390625, -679.443359, 490.722656
472.656250, -651.611328, 606.445312
550.781250, -656.005859, 581.054688
574.707031, -759.521484, 622.070312
496.093750, -906.005859, 435.546875
435.546875, -964.599609, 369.140625
-,-,-
351.074219, -398.193359, 826.660156
307.617188, -365.966797, 717.773438
365.234375, -260.498047, 858.886719
330.078125, -331.787109, 825.195312
262.695312, -503.662109, 578.125000
162.109375, -769.287109, 437.988281
92.285156, -1133.544922, 327.148438
41.015625, -1390.380859, 121.582031
18.554688, -1368.896484, 13.671875
-14.892578, -1440.185547, 6.835938
-42.724609, -1245.849609, -3.662109
-60.791016, -1338.623047, -1.220703
-154.541016, -1385.986328, 57.128906
-109.130859, -1250.732422, 76.660156
-63.720703, -1141.845703, 137.695312
-30.029297, -936.279297, 176.757812
48.828125, -947.021484, 261.718750
128.417969, -864.990234, 367.187500
257.812500, -834.716797, 420.898438
364.257812, -683.837891, 526.367188
472.656250, -693.115234, 548.828125
588.378906, -571.533203, 586.914062
605.957031, -613.037109, 578.125000
569.335938, -653.076172, 548.828125
506.347656, -812.744141, 491.699219
445.312500, -868.896484, 437.500000
413.574219, -877.685547, 395.507812
-,-,-
313.476562, -435.302734, 559.570312
367.675781, -366.455078, 717.773438
362.792969, -173.583984, 777.832031
372.558594, -250.732422, 801.269531
315.429688, -451.904297, 696.289062
269.042969, -737.060547, 507.812500
183.593750, -1007.568359, 370.117188
147.460938, -1092.529297, 186.523438
85.449219, -1333.740234, 84.960938
94.726562, -1351.318359, -33.935547
111.816406, -1345.947266, -4.638672
99.121094, -1300.537109, 5.371094
54.687500, -1296.630859, -177.001953
-0.732422, -1341.064453, -97.412109
-20.263672, -1256.103516, -116.943359
-11.474609, -1151.123047, 27.832031
-15.869141, -992.919922, 58.593750
45.410156, -945.068359, 218.750000
131.835938, -884.521484, 239.257812
226.562500, -890.380859, 305.664062
371.582031, -791.748047, 458.984375
480.468750, -719.482422, 391.601562
583.007812, -697.021484, 524.414062
622.070312, -711.669922, 484.375000
626.464844, -623.779297, 480.468750
599.609375, -725.341797, 479.492188
557.128906, -731.689453, 404.296875
489.746094, -842.529297, 406.250000
458.007812, -870.849609, 374.023438
443.847656, -921.630859, 372.070312
415.039062, -879.638672, 281.250000
-,-,-
373.535156, -482.666016, 602.539062
335.449219, -14.404297, 860.351562
421.875000, -134.521484, 960.449219
391.601562, -298.583984, 755.371094
273.925781, -591.552734, 730.468750
204.589844, -894.775391, 474.609375
118.652344, -1087.646484, 323.242188
36.132812, -1324.951172, 214.843750
71.289062, -1375.732422, 230.468750
-4.638672, -1514.404297, -8.544922
59.570312, -1394.287109, 110.351562
33.691406, -1312.255859, -307.373047
143.554688, -1355.712891, -215.576172
3.906250, -1218.505859, -176.513672
15.136719, -1200.927734, -93.505859
68.359375, -992.919922, 128.417969
86.425781, -932.373047, 281.250000
170.410156, -867.919922, 355.468750
278.320312, -757.568359, 456.054688
360.351562, -718.505859, 484.375000
483.886719, -627.685547, 531.250000
568.359375, -623.779297, 580.078125
626.953125, -581.787109, 639.648438
624.023438, -645.263672, 587.890625
577.148438, -807.373047, 513.183594
536.132812, -848.388672, 433.593750
489.257812, -794.677734, 407.226562
-,-,-
351.074219, 340.820312, 968.750000
289.062500, 53.710938, 962.890625
286.621094, -291.748047, 819.335938
155.273438, -370.361328, 719.726562
126.953125, -779.541016, 470.703125
49.804688, -1094.970703, 449.218750
-33.447266, -1462.158203, 165.039062
7.324219, -1374.755859, -3.173828
-83.740234, -1674.560547, 66.406250
-65.185547, -1560.302734, -181.884766
-28.076172, -1562.255859, 5.859375
-133.056641, -1428.466797, -201.904297
-50.537109, -1080.810547, -135.986328
-64.697266, -1107.177734, -6.591797
-31.494141, -939.697266, 97.656250
17.089844, -974.853516, 188.476562
71.777344, -902.099609, 263.183594
200.195312, -865.966797, 404.296875
280.273438, -832.763672, 340.332031
386.230469, -724.365234, 492.675781
562.500000, -473.388672, 667.968750
613.769531, -521.240234, 602.539062
721.679688, -429.443359, 873.046875
-,-,-
268.066406, -139.404297, 854.980469
292.480469, -374.755859, 924.804688
244.140625, -309.326172, 925.781250
252.441406, -453.857422, 722.656250
256.347656, -621.826172, 421.875000
186.523438, -839.599609, 344.726562
131.835938, -1294.677734, 191.406250
105.468750, -1383.056641, 88.867188
62.988281, -1569.091797, 46.875000
25.390625, -1415.771484, 47.363281
14.648438, -1421.630859, 16.601562
-68.603516, -1533.447266, 100.585938
-69.580078, -1352.294922, -125.732422
-32.958984, -1228.271484, -110.595703
0.488281, -1077.880859, -16.357422
24.414062, -1024.169922, 59.570312
100.097656, -912.841797, 212.890625
217.773438, -839.599609, 367.187500
313.964844, -730.712891, 543.457031
510.742188, -470.458984, 668.945312
584.960938, -510.498047, 689.453125
629.394531, -477.294922, 691.406250
635.253906, -630.615234, 673.339844
638.671875, -587.646484, 631.835938
607.421875, -651.611328, 525.390625
-,-,-
214.355469, -290.771484, 568.359375
233.398438, -434.326172, 752.441406
215.820312, -227.294922, 906.738281
284.179688, -527.587891, 976.562500
273.437500, -526.123047, 758.789062
230.957031, -605.224609, 607.421875
241.210938, -715.576172, 416.503906
168.945312, -1102.294922, 247.070312
173.339844, -1269.287109, 181.152344
113.769531, -1529.052734, 52.246094
81.054688, -1343.017578, -219.482422
90.820312, -1427.978516, -573.974609
56.152344, -1248.779297, -579.833984
29.785156, -1295.654297, -547.607422
30.273438, -1140.869141, -244.873047
37.597656, -1030.029297, -62.255859
61.523438, -984.130859, 75.195312
140.625000, -1006.591797, 212.890625
239.746094, -864.990234, 355.468750
325.683594, -756.591797, 487.304688
417.968750, -654.541016, 637.695312
537.109375, -443.115234, 787.109375
592.773438, -435.302734, 828.125000
628.417969, -342.529297, 852.539062
639.648438, -424.560547, 789.062500
664.062500, -491.943359, 808.105469
589.355469, -637.451172, 624.511719
-,-,-
280.273438, -412.353516, 603.515625
324.707031, -319.091797, 862.304688
297.851562, -368.896484, 929.687500
343.261719, -357.177734, 947.265625
377.929688, -578.857422, 688.476562
311.523438, -628.662109, 538.085938
323.730469, -878.662109, 312.011719
267.089844, -929.443359, 259.277344
269.042969, -1273.193359, 53.222656
239.746094, -1200.927734, 50.292969
149.902344, -1430.419922, -247.802734
96.679688, -1344.970703, -250.732422
4.882812, -1401.123047, -178.466797
1.464844, -1357.177734, -107.177734
21.972656, -1229.248047, 76.660156
30.761719, -1102.294922, 152.343750
83.007812, -977.783203, 294.921875
139.648438, -882.568359, 397.460938
226.562500, -792.724609, 408.203125
371.582031, -638.427734, 529.296875
470.703125, -554.443359, 617.187500
610.351562, -376.708984, 765.625000
696.777344, -433.349609, 771.972656
656.250000, -495.849609, 729.492188
607.910156, -683.837891, 634.765625
530.273438, -783.935547, 571.777344
502.929688, -862.060547, 506.835938
-,-,-
239.746094, -339.599609, 808.105469
177.246094, -159.912109, 802.734375
282.226562, -242.431641, 841.796875
216.308594, -348.388672, 679.687500
262.695312, -564.697266, 642.089844
222.167969, -801.513672, 415.527344
187.500000, -1034.912109, 331.054688
144.531250, -1238.037109, 121.093750
134.765625, -1377.685547, 155.761719
109.863281, -1558.349609, -175.537109
115.234375, -1505.126953, -215.576172
127.441406, -1740.966797, -513.427734
13.183594, -1406.005859, -340.087891
38.574219, -1201.904297, -124.755859
25.390625, -1022.705078, -23.681641
65.917969, -858.154297, 141.601562
119.628906, -819.091797, 271.484375
223.632812, -589.599609, 466.308594
403.808594, -587.646484, 630.859375
579.589844, -491.455078, 787.109375
678.710938, -518.310547, 809.570312
-,-,-
154.296875, -395.263672, 583.984375
127.929688, -118.896484, 907.714844
165.039062, -451.416016, 1120.605469
200.683594, -365.478516, 891.601562
264.648438, -683.837891, 710.937500
206.542969, -859.130859, 400.390625
237.792969, -1071.044922, 155.761719
240.722656, -1173.583984, -85.205078
162.109375, -1377.685547, -232.666016
171.875000, -1392.333984, -321.044922
82.031250, -1564.208984, -549.560547
92.773438, -1486.083984, -403.076172
52.734375, -1388.427734, -239.501953
48.828125, -1149.169922, -50.048828
83.984375, -958.740234, 93.750000
130.859375, -828.857422, 259.277344
263.671875, -644.287109, 468.750000
442.871094, -634.521484, 585.937500
624.023438, -484.130859, 777.832031
700.683594, -548.583984, 745.117188
-,-,-
168.945312, -298.583984, 609.375000
159.667969, -72.021484, 976.562500
189.453125, -307.373047, 909.667969
228.027344, -362.548828, 1014.160156
230.957031, -561.279297, 773.437500
184.082031, -703.857422, 577.148438
99.609375, -825.927734, 373.046875
124.511719, -1126.708984, 213.867188
70.312500, -1493.896484, -57.373047
107.910156, -1809.326172, -494.384766
117.187500, -1619.873047, -664.794922
56.152344, -1452.880859, -654.052734
28.320312, -1239.013672, -363.037109
21.484375, -935.791016, -90.576172
111.816406, -832.763672, 192.382812
214.355469, -703.857422, 405.273438
386.230469, -757.568359, 588.867188
569.335938, -542.724609, 761.718750
658.691406, -598.388672, 817.382812
689.941406, -656.005859, 759.277344
-,-,-
192.382812, -307.373047, 719.726562
223.144531, -102.294922, 1083.007812
177.246094, -264.404297, 1237.304688
230.957031, -358.154297, 1062.988281
207.519531, -609.619141, 852.539062
203.125000, -774.658203, 541.503906
103.027344, -1020.263672, 296.875000
145.507812, -1163.818359, 51.269531
49.804688, -1501.708984, -293.701172
68.847656, -1453.857422, -485.107422
47.363281, -1546.142578, -742.919922
13.671875, -1492.919922, -721.435547
21.972656, -1167.724609, -511.474609
13.671875, -1045.654297, -171.630859
80.078125, -821.044922, 116.210938
199.707031, -790.771484, 428.710938
416.015625, -659.912109, 637.695312
608.398438, -609.619141, 750.488281
722.167969, -607.177734, 786.132812
-,-,-
49.316406, -158.935547, 889.648438
136.230469, -182.373047, 709.960938
83.984375, -498.779297, 531.250000
101.074219, -835.693359, 370.117188
138.671875, -1016.845703, 375.976562
156.250000, -1409.912109, 166.992188
161.132812, -1487.060547, -6.103516
145.507812, -1632.568359, -306.396484
105.957031, -1590.576172, -311.767578
79.589844, -1342.041016, -310.791016
52.734375, -1365.966797, -183.349609
77.148438, -1055.908203, 5.859375
130.859375, -999.755859, 164.062500
196.777344, -857.177734, 304.687500
314.453125, -730.224609, 561.035156
384.277344, -601.318359, 644.531250
524.902344, -370.849609, 758.789062
647.949219, -347.412109, 838.867188
709.960938, -321.044922, 888.671875
728.515625, -421.630859, 723.632812
-,-,-
325.683594, -713.623047, 292.968750
267.578125, -1115.966797, 286.621094
318.847656, -1272.216797, -3.173828
248.046875, -1399.169922, -116.943359
204.589844, -1502.197266, -345.458984
165.039062, -1433.349609, -488.525391
43.945312, -1429.443359, -546.142578
70.312500, -1181.884766, -325.927734
66.406250, -1109.130859, -124.755859
118.164062, -887.451172, 37.109375
188.964844, -866.943359, 193.359375
308.593750, -702.880859, 356.445312
490.722656, -564.208984, 588.867188
584.960938, -584.716797, 632.812500
640.625000, -620.849609, 637.695312
708.007812, -657.958984, 606.445312
774.902344, -609.619141, 621.582031
818.359375, -639.404297, 642.578125
-,-,-
234.375000, -243.408203, 637.695312
250.000000, -454.833984, 683.593750
233.398438, -645.263672, 520.996094
201.171875, -975.830078, 366.699219
260.253906, -1213.623047, 284.667969
305.664062, -1396.240234, -180.419922
298.828125, -1278.076172, -228.271484
295.898438, -1185.302734, -556.396484
257.812500, -1257.568359, -404.052734
179.687500, -1139.892578, -394.775391
142.089844, -1198.974609, -305.419922
134.277344, -1107.177734, -161.865234
135.742188, -1017.333984, -20.263672
174.316406, -900.146484, 190.429688
287.597656, -721.435547, 429.687500
458.496094, -550.537109, 601.562500
625.976562, -460.693359, 711.914062
699.707031, -372.802734, 801.757812
712.890625, -485.107422, 761.718750
686.035156, -614.990234, 596.191406
-,-,-
217.773438, 33.691406, 835.937500
269.042969, -69.091797, 1127.929688
149.902344, -177.490234, 1125.976562
217.773438, -528.564453, 920.898438
119.140625, -679.443359, 657.226562
225.585938, -1082.763672, 332.031250
141.113281, -1257.568359, 216.796875
195.312500, -1706.787109, -182.861328
195.800781, -1382.080078, -425.537109
123.046875, -1614.990234, -708.740234
120.117188, -1233.154297, -458.740234
86.425781, -1093.505859, -262.939453
74.218750, -993.896484, -75.927734
145.019531, -889.404297, 148.437500
243.164062, -825.927734, 372.070312
438.964844, -666.748047, 615.234375
550.292969, -674.560547, 749.023438
624.511719, -569.580078, 787.109375
652.832031, -497.802734, 773.437500
642.578125, -583.740234, 666.015625
-,-,-
355.468750, -353.271484, 925.781250
316.894531, 27.343750, 1083.007812
352.539062, -315.185547, 1034.179688
327.148438, -361.083984, 893.554688
321.289062, -602.783203, 661.132812
208.007812, -789.794922, 551.757812
267.578125, -911.865234, 390.625000
197.753906, -1225.341797, 207.519531
111.328125, -1668.701172, -235.595703
73.730469, -1667.724609, -218.505859
35.156250, -1630.126953, -192.138672
34.179688, -1330.810547, -24.658203
57.128906, -1081.787109, 109.375000
114.257812, -967.529297, 167.968750
197.753906, -881.591797, 295.898438
287.109375, -684.326172, 523.437500
493.652344, -428.466797, 795.898438
580.566406, -448.486328, 905.273438
653.320312, -418.701172, 1027.343750
654.296875, -447.509766, 911.132812
-,-,-
207.519531, -182.373047, 954.101562
202.636719, -342.529297, 1125.976562
257.812500, -361.083984, 766.601562
227.539062, -597.412109, 485.351562
178.710938, -891.357422, 296.875000
245.605469, -1366.943359, -72.509766
213.378906, -1528.076172, -483.154297
154.785156, -1598.388672, -600.341797
143.066406, -1453.857422, -690.185547
83.007812, -1326.904297, -511.474609
68.359375, -1247.802734, -413.330078
104.980469, -1051.513672, -135.498047
154.296875, -955.810547, 153.320312
299.804688, -740.966797, 402.343750
455.566406, -532.958984, 750.976562
606.933594, -428.466797, 960.449219
696.289062, -439.208984, 894.531250
690.917969, -538.818359, 781.250000
-,-,-
185.058594, -139.404297, 1329.101562
154.296875, -399.169922, 1025.390625
250.976562, -357.177734, 852.050781
263.671875, -817.626953, 824.218750
221.191406, -729.248047, 367.675781
295.410156, -1310.302734, 30.761719
249.511719, -1182.373047, -344.482422
254.394531, -1313.232422, -590.087891
211.914062, -1315.185547, -779.541016
180.664062, -1104.248047, -821.044922
115.722656, -1388.916016, -703.857422
93.261719, -1177.978516, -322.021484
88.867188, -1166.748047, -82.275391
157.714844, -1076.904297, 92.773438
221.679688, -896.728516, 245.117188
354.492188, -756.591797, 550.781250
530.761719, -519.287109, 779.785156
627.441406, -454.833984, 897.460938
647.460938, -449.462891, 875.976562
677.246094, -573.974609, 738.281250
674.316406, -757.568359, 554.687500
-,-,-
346.679688, -380.615234, 834.960938
310.058594, -525.146484, 851.074219
294.433594, -589.599609, 771.484375
286.621094, -802.490234, 465.332031
251.464844, -985.107422, 365.234375
186.523438, -1439.208984, 112.304688
257.812500, -1380.615234, -220.458984
231.445312, -1578.857422, -559.326172
197.753906, -1341.552734, -682.373047
126.464844, -1233.154297, -508.544922
104.492188, -1198.974609, -326.904297
78.125000, -1075.927734, -154.052734
126.464844, -955.810547, 29.296875
184.082031, -836.669922, 270.507812
332.519531, -745.849609, 551.757812
493.164062, -551.513672, 766.601562
629.394531, -485.107422, 960.449219
706.054688, -554.443359, 965.820312
699.707031, -698.974609, 756.347656
-,-,-
393.066406, -44.677734, 1183.593750
287.597656, -276.123047, 907.714844
316.894531, -409.912109, 1013.183594
297.851562, -490.966797, 660.156250
165.039062, -864.013672, 488.769531
89.355469, -841.552734, 250.976562
43.945312, -1325.927734, -53.955078
96.679688, -1548.095703, -437.255859
136.718750, -1771.240234, -786.865234
132.812500, -1655.029297, -922.607422
100.097656, -1366.943359, -627.197266
35.156250, -1171.630859, -188.232422
52.734375, -1005.615234, 55.664062
112.304688, -860.107422, 300.781250
219.726562, -572.509766, 481.445312
446.777344, -527.587891, 752.441406
597.656250, -384.521484, 888.671875
698.730469, -455.810547, 953.125000
736.816406, -782.958984, 836.914062
-,-,-
227.539062, -133.544922, 891.601562
173.828125, -381.591797, 1187.988281
146.484375, -557.373047, 776.855469
135.253906, -729.248047, 561.523438
73.730469, -981.201172, 239.257812
13.671875, -1266.845703, -80.322266
59.570312, -1467.529297, -292.724609
9.277344, -1527.099609, -502.685547
-95.947266, -1858.154297, -636.474609
1.953125, -1517.333984, -552.490234
10.253906, -1313.232422, -321.044922
28.320312, -1106.201172, -137.451172
41.015625, -958.740234, 83.007812
102.050781, -867.919922, 404.785156
319.335938, -521.240234, 762.695312
583.496094, -435.302734, 1040.039062
751.953125, -297.607422, 1049.804688
866.699219, -534.912109, 753.417969
881.347656, -961.669922, 459.960938
-,-,-
217.773438, -374.755859, 789.062500
169.433594, -416.259766, 1014.160156
81.054688, -733.154297, 767.578125
122.558594, -815.673828, 527.343750
74.218750, -1113.037109, 420.898438
95.214844, -1334.716797, 16.601562
97.656250, -1509.521484, -194.091797
89.843750, -1770.263672, -665.771484
75.195312, -1320.068359, -622.314453
-12.451172, -1508.056641, -543.212891
-50.048828, -1236.083984, -319.091797
-39.306641, -1124.755859, -94.482422
-28.076172, -974.853516, 158.691406
93.750000, -600.341797, 393.554688
326.171875, -632.568359, 744.140625
561.035156, -270.263672, 1035.644531
694.335938, -436.279297, 936.035156
-,-,-
242.187500, -128.662109, 767.578125
260.742188, -533.935547, 599.121094
187.500000, -866.943359, 502.929688
139.648438, -947.021484, 364.746094
135.742188, -1655.029297, 33.203125
113.281250, -1503.662109, -242.919922
-50.537109, -1824.951172, -240.478516
17.089844, -1755.615234, -484.130859
-26.123047, -1372.802734, -405.029297
-31.494141, -1165.771484, -224.853516
-35.888672, -971.923828, -11.474609
48.828125, -893.798828, 204.101562
124.023438, -738.037109, 410.644531
352.539062, -481.201172, 703.125000
589.355469, -315.185547, 965.820312
704.101562, -541.748047, 1012.207031
737.304688, -706.787109, 906.250000
-,-,-
350.097656, -513.427734, 1082.031250
428.222656, -287.841797, 614.746094
455.078125, -783.935547, 584.960938
303.710938, -1049.560547, 190.429688
189.941406, -1250.732422, -35.888672
176.757812, -1256.591797, 39.062500
140.136719, -1517.333984, -302.490234
23.925781, -1468.505859, -321.044922
-24.658203, -1635.498047, -428.466797
-4.638672, -1512.451172, -232.177734
5.371094, -1271.240234, -52.001953
59.570312, -996.826172, 166.992188
176.269531, -798.583984, 371.093750
379.882812, -404.052734, 595.703125
567.382812, -183.349609, 820.312500
689.941406, -262.451172, 1005.859375
734.863281, -351.318359, 952.148438
-,-,-
236.816406, -185.302734, 1114.746094
235.351562, -212.646484, 1053.710938
306.152344, -498.779297, 834.472656
225.585938, -512.451172, 386.718750
234.375000, -1115.966797, 359.863281
130.371094, -1215.087891, 75.195312
75.195312, -1707.275391, -216.552734
83.984375, -1802.490234, -309.326172
80.566406, -1872.314453, -527.099609
51.757812, -1484.130859, -171.630859
129.882812, -1196.044922, 1.953125
124.023438, -916.748047, 158.691406
221.679688, -727.783203, 438.476562
353.515625, -542.724609, 622.558594
547.363281, -346.435547, 812.500000
689.453125, -440.185547, 903.320312
748.046875, -647.216797, 822.265625
-,-,-
245.605469, -226.318359, 974.609375
303.710938, -81.298828, 1011.230469
329.101562, -399.169922, 900.390625
285.644531, -526.123047, 773.437500
292.968750, -847.412109, 460.937500
244.140625, -1059.326172, 304.199219
171.875000, -1320.068359, 48.339844
173.339844, -1585.205078, -357.177734
142.089844, -1379.638672, -368.896484
78.613281, -1653.076172, -529.052734
82.031250, -1390.380859, -351.318359
70.800781, -1320.068359, -201.904297
29.296875, -1019.775391, 55.175781
90.820312, -685.302734, 438.476562
228.515625, -673.583984, 662.109375
470.703125, -394.287109, 846.679688
694.335938, -305.419922, 907.714844
734.375000, -501.708984, 986.816406
-,-,-
129.394531, -381.591797, 1079.589844
220.703125, -157.958984, 1178.710938
167.480469, -590.576172, 1007.812500
175.292969, -583.740234, 609.375000
110.839844, -869.873047, 374.023438
148.925781, -1065.185547, 190.429688
87.402344, -1473.388672, -49.560547
117.187500, -1393.310547, -379.638672
125.976562, -1618.896484, -534.912109
82.031250, -1583.740234, -588.623047
31.738281, -1439.208984, -366.943359
35.156250, -1219.970703, -64.208984
16.601562, -941.162109, 166.015625
84.472656, -733.154297, 411.621094
249.511719, -479.248047, 625.488281
497.070312, -364.501953, 944.335938
647.460938, -311.279297, 1147.460938
693.359375, -468.505859, 1015.625000
-,-,-
154.296875, -217.529297, 999.023438
154.296875, -195.068359, 1213.867188
230.957031, -487.548828, 1000.000000
202.148438, -681.396484, 760.742188
142.578125, -773.681641, 471.191406
112.792969, -1178.955078, 188.476562
117.187500, -1204.833984, -145.263672
131.835938, -1531.005859, -464.599609
154.296875, -1523.193359, -540.771484
48.828125, -1540.283203, -599.853516
18.554688, -1317.138672, -362.548828
-10.009766, -1031.005859, -80.322266
30.761719, -872.802734, 200.195312
177.246094, -661.865234, 447.265625
393.554688, -527.587891, 808.105469
596.191406, -437.255859, 1056.640625
690.917969, -509.521484, 1135.742188
-,-,-
211.914062, -187.255859, 948.242188
254.394531, -335.693359, 973.632812
182.128906, -443.115234, 975.585938
162.109375, -753.662109, 833.007812
164.062500, -857.666016, 489.257812
162.109375, -1170.654297, 295.898438
151.367188, -1333.740234, -9.521484
187.500000, -1517.333984, -227.783203
167.480469, -1623.779297, -506.591797
104.492188, -1567.138672, -435.302734
78.613281, -1407.958984, -357.177734
44.921875, -1162.841797, -146.240234
59.570312, -868.896484, 83.984375
135.253906, -745.849609, 386.718750
328.125000, -477.294922, 682.617188
491.210938, -438.232422, 940.429688
641.601562, -555.419922, 1070.312500
678.710938, -647.216797, 957.031250
-,-,-
219.238281, -403.564453, 1126.464844
272.460938, -537.841797, 767.578125
263.183594, -757.568359, 767.578125
320.312500, -1058.837891, 354.492188
267.578125, -1159.912109, 257.324219
305.664062, -1438.232422, -71.044922
231.445312, -1573.974609, -269.287109
170.898438, -1466.064453, -361.572266
90.820312, -1436.279297, -276.123047
56.640625, -1112.060547, -29.052734
44.921875, -980.224609, 106.445312
121.093750, -762.451172, 338.378906
266.601562, -716.552734, 560.546875
453.125000, -480.224609, 736.328125
642.578125, -469.482422, 980.957031
719.726562, -502.685547, 1074.218750
780.761719, -629.638672, 905.273438
809.570312, -884.521484, 651.855469
-,-,-
327.148438, -500.732422, 739.257812
359.375000, -628.662109, 708.496094
305.175781, -781.494141, 608.398438
304.687500, -931.396484, 477.539062
299.804688, -1135.498047, 281.738281
291.992188, -1411.865234, -52.978516
305.664062, -1257.080078, -158.935547
222.167969, -1486.083984, -487.060547
152.343750, -1442.138672, -417.724609
95.214844, -1276.123047, -200.927734
64.941406, -1094.970703, -42.724609
124.511719, -824.951172, 228.515625
244.628906, -697.021484, 457.031250
399.414062, -424.560547, 721.679688
531.738281, -319.091797, 857.910156
596.679688, -556.396484, 874.023438
-,-,-
263.183594, -379.638672, 996.093750
308.593750, -586.669922, 621.093750
360.351562, -705.810547, 759.277344
351.562500, -1214.599609, 446.777344
364.746094, -1209.716797, 198.242188
255.859375, -1373.779297, 135.742188
263.183594, -1455.810547, -392.822266
167.480469, -1416.259766, -468.017578
143.554688, -1419.677734, -500.732422
72.753906, -1216.552734, -326.904297
50.781250, -1093.994141, -183.349609
40.039062, -941.162109, 55.175781
119.140625, -778.076172, 308.593750
251.953125, -612.060547, 534.179688
441.406250, -484.130859, 778.808594
640.625000, -290.771484, 1030.273438
710.937500, -378.662109, 1070.312500
-,-,-
17.089844, 90.820312, 1182.617188
57.128906, -173.583984, 867.675781
112.304688, -477.294922, 606.445312
187.988281, -853.759766, 274.414062
283.691406, -1126.708984, 83.007812
274.414062, -1432.373047, -186.279297
311.523438, -1610.107422, -432.373047
277.343750, -1362.060547, -529.052734
163.574219, -1622.802734, -609.130859
170.898438, -1368.896484, -426.513672
141.601562, -1476.318359, -195.068359
136.230469, -996.826172, 125.488281
177.734375, -830.810547, 392.578125
310.058594, -465.576172, 620.605469
491.210938, -112.060547, 898.437500
622.070312, -247.802734, 1034.179688
746.582031, -322.998047, 1024.414062
-,-,-
112.792969, -87.646484, 973.632812
145.019531, -473.388672, 1089.355469
109.863281, -540.771484, 894.531250
188.964844, -736.572266, 697.753906
233.398438, -1154.052734, 295.898438
239.746094, -1294.677734, 65.429688
237.792969, -1403.076172, -160.400391
222.656250, -1562.255859, -418.701172
167.480469, -1387.451172, -489.013672
115.234375, -1467.041016, -328.857422
58.105469, -1170.654297, -161.376953
74.707031, -1067.138672, -1.220703
60.546875, -854.736328, 218.750000
143.066406, -654.052734, 452.148438
314.453125, -574.951172, 659.179688
550.781250, -231.201172, 980.468750
633.789062, -501.708984, 1123.046875
707.031250, -710.693359, 1173.828125
-,-,-
204.589844, -633.544922, 775.390625
295.410156, -481.201172, 974.609375
281.250000, -695.068359, 743.164062
212.402344, -845.458984, 473.632812
196.777344, -1050.537109, 183.105469
250.976562, -1317.138672, -15.380859
268.554688, -1525.146484, -453.857422
253.906250, -1204.833984, -435.302734
224.609375, -1500.244141, -719.482422
139.648438, -1343.505859, -452.880859
111.816406, -1279.052734, -247.802734
97.656250, -1113.037109, -52.001953
112.792969, -726.806641, 304.687500
231.445312, -647.216797, 591.796875
450.195312, -202.392578, 979.492188
569.335938, -217.529297, 1076.171875
654.296875, -474.365234, 1176.757812
-,-,-
210.449219, -184.326172, 956.542969
229.980469, -536.376953, 903.320312
219.726562, -636.474609, 903.808594
187.988281, -686.279297, 639.648438
166.015625, -966.552734, 340.820312
219.726562, -974.853516, 209.472656
252.929688, -1575.927734, -120.849609
215.820312, -1284.912109, -285.400391
199.707031, -1380.126953, -581.787109
98.632812, -1573.974609, -659.423828
44.433594, -1156.982422, -350.341797
21.484375, -1055.908203, -86.669922
26.367188, -773.681641, 187.500000
128.906250, -762.451172, 488.281250
350.097656, -551.513672, 709.960938
518.554688, -386.474609, 1013.183594
630.859375, -576.904297, 1092.285156
653.320312, -679.443359, 928.710938
-,-,-
230.957031, -251.708984, 944.335938
129.882812, -531.982422, 988.281250
21.484375, -385.498047, 796.875000
203.125000, -794.677734, 585.937500
133.300781, -1016.845703, 391.601562
169.433594, -1225.341797, -30.517578
183.105469, -1286.865234, -43.701172
145.507812, -1467.529297, -451.904297
118.652344, -1306.396484, -429.443359
66.406250, -1343.994141, -575.927734
9.277344, -1300.537109, -430.419922
16.113281, -1168.701172, -251.708984
14.160156, -989.990234, -32.958984
111.816406, -851.318359, 238.281250
250.976562, -619.873047, 537.109375
472.656250, -390.380859, 925.781250
606.445312, -474.365234, 1059.570312
639.648438, -616.943359, 842.773438
618.164062, -802.490234, 666.015625
-,-,-
135.742188, -392.822266, 832.519531
96.191406, -194.091797, 1201.171875
108.398438, -412.841797, 1054.687500
114.257812, -634.521484, 797.851562
78.125000, -646.240234, 596.191406
62.988281, -1155.029297, 261.718750
121.582031, -1246.826172, 15.625000
182.128906, -1465.087891, -250.244141
205.566406, -1653.076172, -579.833984
236.816406, -1339.599609, -488.037109
155.273438, -1437.255859, -504.638672
105.468750, -1247.802734, -349.365234
81.542969, -1110.107422, -155.517578
69.335938, -894.287109, 18.554688
119.628906, -636.474609, 377.929688
273.437500, -613.037109, 617.187500
517.089844, -351.318359, 846.679688
660.644531, -319.580078, 1103.515625
788.574219, -541.748047, 950.195312
738.769531, -762.451172, 705.566406
-,-,-
153.320312, -269.287109, 1098.632812
118.652344, -361.083984, 951.171875
131.347656, -656.005859, 735.351562
186.523438, -726.318359, 472.656250
193.359375, -1179.931641, 168.945312
313.476562, -1426.025391, -258.056641
310.058594, -1439.208984, -518.798828
294.921875, -1423.095703, -839.599609
232.421875, -1082.763672, -737.060547
134.277344, -1279.052734, -667.724609
37.109375, -1105.224609, -431.396484
25.390625, -1101.318359, -249.755859
46.875000, -933.349609, 11.718750
160.156250, -818.115234, 287.109375
390.136719, -575.927734, 583.007812
709.960938, -410.400391, 899.414062
879.882812, -570.556641, 1000.976562
927.246094, -642.333984, 835.937500
-,-,-
291.015625, -241.455078, 1068.359375
314.453125, -535.888672, 649.902344
290.039062, -529.541016, 595.214844
300.781250, -884.521484, 222.656250
279.785156, -1089.599609, 49.804688
227.539062, -1501.220703, -506.591797
168.457031, -1539.794922, -635.498047
128.906250, -1619.873047, -980.224609
57.128906, -1372.802734, -637.451172
-8.056641, -1141.357422, -377.685547
-29.052734, -989.013672, -165.771484
14.160156, -917.724609, -58.349609
58.105469, -824.951172, 16.601562
208.007812, -640.380859, 299.804688
543.945312, -603.271484, 708.984375
761.230469, -583.740234, 948.242188
910.156250, -644.287109, 975.585938
856.445312, -709.716797, 721.679688
-,-,-
466.308594, -494.873047, 791.992188
524.414062, -264.404297, 925.781250
480.957031, -498.779297, 777.832031
416.992188, -503.662109, 499.023438
342.285156, -891.845703, 209.472656
250.000000, -1040.771484, 68.359375
184.082031, -1372.802734, -303.466797
109.375000, -1341.064453, -256.591797
83.007812, -1529.052734, -662.841797
49.316406, -1599.365234, -638.427734
20.507812, -1474.365234, -476.318359
40.527344, -1369.873047, -304.443359
67.382812, -1153.076172, -104.736328
123.046875, -999.755859, 117.187500
229.980469, -727.783203, 286.621094
413.574219, -417.724609, 482.421875
654.296875, -331.787109, 746.093750
775.390625, -282.958984, 884.277344
810.058594, -384.521484, 897.949219
793.945312, -530.517578, 651.855469
-,-,-
347.656250, -284.912109, 953.125000
322.265625, -497.802734, 726.074219
340.332031, -693.603516, 741.210938
288.085938, -911.865234, 323.242188
310.058594, -1072.021484, 175.292969
297.363281, -1291.748047, -154.052734
322.753906, -1412.841797, -447.998047
244.140625, -1398.193359, -510.498047
168.457031, -1614.990234, -562.255859
135.253906, -1395.263672, -333.740234
105.468750, -1194.091797, -114.990234
128.417969, -1032.958984, 31.250000
146.484375, -866.943359, 166.015625
293.457031, -625.732422, 448.242188
492.675781, -316.162109, 735.351562
633.789062, -481.689453, 949.218750
712.890625, -482.177734, 1000.000000
749.023438, -592.529297, 811.523438
-,-,-
315.917969, -462.646484, 858.886719
248.046875, -113.037109, 1082.031250
353.515625, -679.443359, 1040.527344
299.316406, -534.912109, 798.339844
280.273438, -952.880859, 325.195312
299.804688, -1049.560547, 165.039062
301.757812, -1275.146484, -229.248047
328.125000, -1384.033203, -473.388672
262.207031, -1343.017578, -600.830078
201.171875, -1379.638672, -554.443359
132.812500, -1330.810547, -401.123047
96.191406, -1383.056641, -228.271484
83.984375, -1114.990234, -30.517578
125.000000, -893.310547, 205.566406
219.726562, -653.564453, 420.898438
423.339844, -479.248047, 696.777344
608.398438, -364.501953, 839.843750
768.554688, -357.177734, 976.562500
799.804688, -576.904297, 864.257812
-,-,-
350.097656, -254.638672, 955.078125
299.804688, -588.623047, 779.296875
334.960938, -720.458984, 763.671875
270.019531, -746.826172, 518.066406
242.675781, -965.576172, 277.343750
245.605469, -1178.466797, 91.796875
191.406250, -1304.931641, -201.904297
221.679688, -1509.521484, -386.962891
190.917969, -1388.427734, -576.904297
154.296875, -1539.794922, -577.880859
94.726562, -1366.943359, -317.138672
53.710938, -1144.287109, -137.451172
59.570312, -971.435547, 89.843750
116.210938, -761.474609, 218.750000
256.835938, -447.509766, 506.835938
487.304688, -380.615234, 787.109375
651.367188, -310.302734, 1004.882812
708.007812, -430.419922, 924.804688
-,-,-
334.960938, -535.888672, 149.414062
375.488281, -657.958984, 313.964844
576.171875, -737.060547, 377.929688
646.484375, -896.728516, 304.687500
577.148438, -802.490234, 128.417969
581.542969, -776.123047, -94.482422
513.671875, -764.404297, -189.208984
501.464844, -918.701172, -102.294922
531.250000, -1235.107422, -142.333984
416.992188, -1358.154297, 34.179688
346.679688, -1999.755859, 216.308594
-76.416016, -1166.748047, -144.287109
6.347656, -1520.263672, 108.886719
61.523438, -1173.583984, 356.445312
346.191406, -862.060547, 116.210938
-,-,-
630.859375, -882.568359, 372.070312
705.078125, -831.787109, 193.359375
285.644531, -735.595703, -97.412109
314.453125, -932.373047, -2.685547
316.406250, -1065.185547, 20.507812
-112.548828, -1228.271484, 311.035156
-67.138672, -1342.041016, 260.742188
-475.830078, -1494.873047, 332.031250
-868.408203, -1356.201172, 247.070312
-802.490234, -1290.771484, 237.304688
-475.830078, -1160.888672, 311.035156
-82.763672, -918.701172, 185.546875
289.550781, -732.177734, 6.835938
488.769531, -559.326172, 168.945312
831.054688, -497.802734, 92.773438
976.562500, -694.580078, 283.691406
909.179688, -708.740234, 226.562500
705.566406, -854.248047, 265.625000
646.972656, -988.037109, 335.937500
496.093750, -1147.216797, 260.742188
-,-,-
355.957031, -666.748047, 257.324219
483.398438, -603.271484, 394.531250
582.031250, -670.654297, 395.507812
605.468750, -779.052734, 311.035156
558.105469, -797.607422, 55.664062
262.695312, -983.154297, 21.484375
249.023438, -910.888672, -77.392578
-51.513672, -1150.146484, -2.197266
0.488281, -1032.958984, -51.025391
-200.439453, -1239.990234, -68.115234
-516.845703, -1193.115234, -62.255859
-489.013672, -1436.279297, -197.021484
-748.779297, -1236.083984, 48.828125
-544.677734, -1329.833984, 226.562500
-471.435547, -992.919922, 259.277344
-41.259766, -973.876953, 418.945312
345.703125, -627.685547, -107.666016
590.820312, -600.341797, 255.859375
791.015625, -524.169922, -46.630859
856.933594, -829.833984, 215.820312
763.671875, -862.060547, 182.128906
654.296875, -1046.630859, 232.910156
568.359375, -1185.302734, 197.265625
-,-,-
571.289062, -662.841797, 122.070312
528.320312, -572.509766, 389.160156
682.617188, -689.697266, -25.634766
438.476562, -888.427734, 500.976562
270.996094, -739.990234, -81.298828
246.093750, -1026.123047, -197.998047
-146.728516, -942.138672, -31.982422
-243.408203, -1169.677734, -112.060547
-446.044922, -1230.224609, -147.216797
-628.662109, -1364.990234, -60.302734
-753.662109, -1476.318359, -143.310547
-769.775391, -1305.419922, 192.382812
-443.603516, -1073.974609, 110.839844
5.371094, -1005.615234, 240.234375
256.347656, -695.068359, -35.888672
464.843750, -719.482422, 203.125000
688.476562, -731.689453, 278.320312
735.351562, -829.833984, 68.359375
677.246094, -893.310547, 59.570312
492.675781, -954.833984, 84.960938
371.093750, -1104.248047, 109.375000
-,-,-
487.304688, -549.560547, 333.007812
465.820312, -531.494141, 165.039062
725.097656, -946.044922, 319.335938
355.957031, -739.990234, 113.281250
256.347656, -867.919922, 9.765625
144.042969, -1097.900391, -51.025391
-39.794922, -1108.154297, -115.966797
-222.900391, -1465.087891, -4.150391
-531.005859, -1444.091797, 83.007812
-733.154297, -1526.123047, 77.636719
-882.080078, -1106.201172, 236.328125
-487.060547, -1270.263672, 153.808594
-360.107422, -977.294922, 102.539062
-0.244141, -855.712891, 41.015625
407.226562, -847.412109, -38.818359
548.339844, -614.990234, -80.322266
779.785156, -660.888672, 18.554688
761.230469, -733.154297, 104.003906
727.539062, -950.927734, 172.851562
452.636719, -1065.185547, 135.742188
374.023438, -1320.068359, 149.414062
-,-,-
583.984375, -695.068359, 345.703125
436.035156, -536.865234, 126.464844
577.148438, -869.873047, 188.476562
445.800781, -834.716797, 82.519531
222.167969, -1009.521484, -247.802734
147.460938, -947.998047, -58.349609
-161.865234, -1211.669922, 15.625000
-160.888672, -1140.869141, -209.228516
-502.197266, -1267.333984, -116.943359
-642.822266, -1230.224609, 94.726562
-690.673828, -1158.935547, 126.464844
-629.150391, -1302.978516, 345.703125
-475.341797, -1078.857422, 121.582031
-229.736328, -1143.798828, 276.367188
34.667969, -830.810547, 27.832031
249.511719, -765.380859, -19.775391
627.441406, -949.951172, 52.246094
633.300781, -653.564453, -169.677734
915.527344, -990.966797, 166.992188
662.109375, -888.427734, 51.269531
588.378906, -989.013672, 123.046875
-,-,-
513.671875, -496.826172, 277.343750
634.277344, -632.568359, 3.906250
728.027344, -649.169922, 315.429688
559.570312, -813.720703, 240.234375
442.382812, -813.232422, 203.125000
145.019531, -1049.560547, -19.287109
6.347656, -1023.193359, 81.054688
-230.224609, -1208.740234, -106.689453
-208.251953, -1249.755859, -284.423828
-487.060547, -1452.880859, -140.380859
-570.556641, -1607.177734, -168.701172
-636.474609, -1529.052734, 177.246094
-621.826172, -1179.931641, 179.687500
-343.017578, -1024.169922, 273.437500
-95.947266, -622.802734, 206.542969
207.519531, -564.208984, 22.460938
632.812500, -766.845703, 115.234375
796.386719, -589.599609, -155.517578
1124.023438, -1190.185547, 180.175781
801.757812, -926.513672, 194.335938
-,-,-
474.121094, -424.560547, 287.597656
505.371094, -480.224609, 322.265625
500.488281, -754.638672, 417.480469
522.460938, -847.900391, 305.664062
30.761719, -850.341797, -30.029297
168.945312, -927.001953, -136.474609
19.042969, -1281.005859, -318.115234
-219.482422, -1050.537109, -142.333984
-238.525391, -1126.708984, -357.177734
-568.603516, -1348.388672, 9.765625
-581.298828, -1447.998047, -89.599609
-652.587891, -1424.560547, 367.675781
-425.537109, -1258.544922, 154.785156
-225.830078, -1077.880859, 174.316406
50.292969, -868.896484, 286.621094
315.429688, -781.982422, -82.763672
581.054688, -758.544922, 252.929688
652.343750, -567.138672, -17.333984
813.476562, -939.208984, 275.390625
631.835938, -810.302734, 205.078125
-,-,-
583.984375, -360.595703, 264.648438
630.859375, -480.224609, 427.734375
504.882812, -456.787109, 388.183594
733.886719, -991.943359, 409.179688
254.394531, -737.060547, 17.578125
288.085938, -944.091797, -149.169922
-43.701172, -1238.037109, -283.447266
-245.849609, -1201.904297, -21.240234
-519.287109, -1342.041016, -181.884766
-670.166016, -1363.037109, 130.859375
-735.107422, -1330.810547, -13.427734
-516.845703, -1264.404297, 205.566406
-297.607422, -1229.248047, 22.949219
-207.763672, -864.013672, 80.566406
145.507812, -1087.646484, 343.750000
291.503906, -678.466797, 175.781250
622.070312, -809.326172, 336.425781
736.328125, -769.775391, 159.667969
777.343750, -948.974609, 107.421875
-,-,-
499.023438, -659.912109, 192.382812
472.656250, -866.943359, 234.863281
353.515625, -980.224609, 19.531250
147.460938, -872.802734, -150.146484
91.796875, -1079.833984, -41.748047
-216.064453, -1195.068359, 102.050781
-433.349609, -1245.849609, 43.945312
-537.353516, -1353.271484, -12.451172
-516.845703, -1456.787109, -14.404297
-560.302734, -1433.349609, 139.648438
-471.923828, -1250.732422, 225.585938
-408.447266, -971.923828, -48.583984
-15.869141, -1109.130859, 509.765625
129.882812, -694.580078, 166.015625
359.863281, -774.658203, 237.304688
596.191406, -695.068359, 286.621094
592.773438, -608.642578, -33.935547
-,-,-
574.707031, -809.326172, 307.128906
437.011719, -733.642578, 200.195312
638.671875, -885.498047, 308.105469
259.765625, -890.869141, 319.335938
297.851562, -891.357422, -37.841797
95.214844, -993.896484, 144.531250
-107.666016, -1149.169922, 131.835938
-331.298828, -972.900391, 37.109375
-543.701172, -1180.908203, -219.482422
-561.279297, -1362.060547, -285.400391
-524.658203, -1535.888672, -415.283203
-573.486328, -1299.560547, -285.400391
-535.888672, -1307.373047, 76.660156
-621.337891, -892.333984, 252.441406
-4.638672, -893.798828, 486.816406
445.800781, -556.396484, 234.863281
631.835938, -422.607422, -333.251953
998.046875, -698.974609, 92.773438
994.628906, -692.138672, -112.060547
-,-,-
542.968750, -648.193359, -97.900391
626.953125, -747.802734, -173.583984
314.453125, -813.720703, -172.607422
326.660156, -943.115234, -180.908203
-127.685547, -1060.302734, -35.888672
-98.388672, -1083.740234, -206.787109
-313.232422, -1299.560547, 26.855469
-436.767578, -1350.341797, 104.980469
-667.236328, -1325.927734, 99.609375
-784.912109, -1359.130859, 165.039062
-630.126953, -1337.646484, 50.292969
-678.955078, -949.951172, 330.078125
-332.763672, -1063.232422, 516.113281
-78.857422, -645.263672, 96.679688
534.179688, -898.193359, 446.289062
583.496094, -613.037109, -14.404297
920.410156, -954.833984, 161.132812
999.023438, -961.669922, 12.695312
778.320312, -1007.568359, 66.406250
-,-,-
424.804688, -547.607422, -120.849609
492.675781, -854.248047, 344.726562
480.957031, -835.693359, -202.880859
471.191406, -1107.177734, -23.681641
223.632812, -1058.837891, -280.029297
70.312500, -1077.880859, -199.951172
-341.064453, -1125.732422, -35.888672
-653.564453, -1190.185547, 260.253906
-655.029297, -1625.732422, 198.242188
-549.072266, -1666.748047, 486.328125
-393.310547, -1482.177734, 90.820312
-467.041016, -1050.537109, 276.367188
-52.978516, -917.724609, 251.953125
272.949219, -693.603516, 92.773438
658.203125, -619.873047, -261.962891
975.585938, -793.701172, 67.382812
823.242188, -600.341797, -170.654297
968.750000, -1077.880859, 152.343750
-,-,-
659.667969, -737.060547, 49.316406
662.109375, -754.638672, 160.156250
404.785156, -881.591797, 68.359375
479.492188, -919.677734, 16.601562
175.292969, -1114.013672, 125.000000
130.371094, -1053.466797, 151.367188
-268.798828, -1328.857422, 204.589844
-538.330078, -1202.880859, 312.011719
-731.689453, -1459.228516, 162.109375
-766.357422, -1388.427734, 437.500000
-714.599609, -1176.513672, 229.492188
-475.830078, -1080.810547, 277.343750
-102.294922, -1132.568359, 121.093750
184.570312, -937.255859, -3.173828
507.324219, -882.568359, 55.664062
699.707031, -712.646484, -35.888672
912.597656, -780.029297, 120.117188
936.523438, -842.529297, 61.523438
805.664062, -956.787109, -127.197266
-,-,-
738.281250, -671.630859, 90.820312
608.398438, -745.849609, 321.289062
510.253906, -918.701172, 219.726562
208.984375, -890.380859, -114.990234
101.074219, -953.857422, -127.197266
-34.423828, -1006.591797, -164.794922
-211.669922, -1294.677734, -108.154297
-508.056641, -1507.080078, 8.789062
-644.775391, -1653.076172, 218.750000
-602.783203, -1594.482422, 180.175781
-448.974609, -1369.873047, 154.785156
-429.443359, -1002.685547, 28.320312
-25.634766, -1006.591797, 394.531250
236.328125, -500.732422, -77.392578
745.605469, -817.626953, 58.593750
888.671875, -554.443359, -135.498047
938.964844, -723.388672, -143.310547
1026.855469, -1116.943359, 181.152344
728.515625, -1116.943359, 42.968750
-,-,-
649.414062, -616.943359, 184.082031
690.917969, -684.814453, 125.000000
411.621094, -686.279297, 13.671875
562.011719, -871.826172, -29.052734
183.593750, -1002.685547, -153.564453
41.015625, -999.755859, -171.630859
-133.056641, -1249.755859, -205.322266
-377.685547, -1455.810547, 132.324219
-535.888672, -1744.873047, 67.382812
-549.560547, -1596.435547, 126.464844
-294.189453, -1466.552734, 194.335938
-138.427734, -1142.822266, 106.933594
-10.498047, -956.787109, 42.968750
356.933594, -999.755859, 57.128906
414.550781, -691.650391, -150.146484
655.273438, -712.646484, 144.531250
791.503906, -607.177734, -87.646484
822.265625, -592.529297, 82.519531
824.218750, -838.623047, 96.191406
-,-,-
488.769531, -724.365234, 70.312500
686.523438, -872.802734, 74.218750
552.734375, -803.466797, 160.156250
450.195312, -920.654297, 172.851562
316.894531, -1031.982422, -90.576172
111.816406, -961.669922, 147.460938
-300.048828, -969.482422, -54.931641
-317.626953, -1024.169922, 215.820312
-587.646484, -1175.537109, 191.406250
-723.876953, -1283.935547, 278.808594
-787.353516, -1359.130859, 275.390625
-677.001953, -1278.076172, 390.625000
-513.427734, -1212.646484, 361.328125
-240.478516, -889.404297, 254.882812
194.335938, -932.373047, 308.105469
447.753906, -707.763672, 22.949219
770.019531, -874.755859, 12.695312
849.609375, -761.474609, -110.107422
789.062500, -832.763672, -201.904297
757.812500, -1114.013672, 50.292969
-,-,-
688.476562, -531.005859, 224.609375
569.335938, -541.748047, 120.117188
569.824219, -686.767578, 131.347656
160.644531, -847.412109, -76.416016
-59.326172, -778.076172, -205.810547
-243.408203, -1148.193359, -190.185547
-387.939453, -1236.083984, 144.531250
-561.279297, -1682.373047, -31.005859
-679.443359, -1693.115234, 197.265625
-845.947266, -1302.001953, 128.417969
-627.197266, -1239.990234, 222.656250
-518.798828, -889.404297, -95.458984
-168.701172, -1037.841797, 19.531250
169.921875, -823.974609, 120.117188
498.046875, -757.568359, -209.228516
823.242188, -826.904297, 48.339844
911.132812, -836.669922, 86.914062
882.324219, -969.482422, 75.683594
745.605469, -1116.943359, 253.906250
-,-,-
549.804688, -590.576172, 170.898438
695.312500, -759.521484, 196.289062
319.824219, -630.615234, 212.890625
331.054688, -872.802734, 236.816406
91.796875, -1027.099609, -109.130859
43.945312, -1175.537109, -207.275391
-192.626953, -1350.341797, 8.789062
-465.576172, -1362.060547, 24.902344
-629.150391, -1430.419922, 313.476562
-760.498047, -1274.169922, 386.230469
-590.087891, -1210.693359, 340.820312
-431.396484, -1097.900391, 63.476562
-1.708984, -1149.169922, -50.048828
169.921875, -982.177734, -131.103516
488.281250, -789.794922, -123.779297
756.347656, -717.529297, -129.150391
834.960938, -644.287109, -196.044922
866.210938, -864.990234, 53.710938
640.625000, -974.853516, -52.978516
-,-,-
603.515625, -724.853516, 83.984375
611.328125, -801.513672, -102.783203
461.425781, -1050.537109, 68.359375
270.019531, -933.837891, -119.873047
73.730469, -1145.263672, -70.068359
-168.701172, -1103.271484, 11.718750
-303.955078, -1157.958984, -95.458984
-564.208984, -1210.693359, -133.056641
-750.732422, -1302.978516, 41.992188
-783.935547, -1379.638672, 54.687500
-680.419922, -1308.349609, 238.769531
-545.654297, -1083.740234, -5.615234
12.207031, -1063.232422, 487.304688
235.351562, -607.177734, -121.826172
632.812500, -902.099609, 66.406250
799.804688, -638.427734, -1.220703
786.621094, -747.802734, -150.146484
916.015625, -1045.654297, 116.210938
711.914062, -1137.939453, -34.912109
-,-,-
712.890625, -694.091797, 229.980469
492.675781, -669.677734, 220.703125
601.562500, -936.767578, 253.906250
224.121094, -958.740234, -1.220703
322.265625, -1017.822266, -161.865234
-48.095703, -1206.787109, -90.576172
-156.005859, -1114.990234, 49.804688
-551.513672, -1164.794922, 213.867188
-604.736328, -1236.083984, 251.953125
-672.607422, -1228.271484, 187.500000
-475.341797, -1281.005859, 114.257812
-263.916016, -1183.349609, -2.197266
-89.599609, -1121.826172, -51.025391
124.023438, -1146.240234, 6.835938
235.351562, -834.716797, -51.025391
625.000000, -973.876953, 3.906250
654.296875, -805.419922, 41.015625
703.125000, -730.224609, 89.843750
718.750000, -921.630859, 15.625000
560.546875, -1017.822266, 7.812500
-,-,-
707.031250, -574.951172, 67.382812
646.484375, -746.826172, 108.398438
670.410156, -743.896484, 205.078125
343.750000, -846.435547, 126.464844
316.894531, -893.798828, -20.263672
75.195312, -1099.365234, -126.708984
-133.056641, -1130.615234, -6.591797
-382.080078, -1347.412109, 47.363281
-586.669922, -1418.701172, 195.312500
-658.935547, -1447.021484, 141.601562
-653.076172, -1333.740234, 312.500000
-489.013672, -1104.248047, 315.917969
-334.228516, -983.154297, 74.707031
-75.927734, -789.794922, 186.523438
340.820312, -831.787109, -31.982422
595.214844, -702.880859, 92.773438
842.285156, -821.044922, 225.585938
924.316406, -889.404297, 346.679688
837.402344, -939.208984, 216.796875
618.164062, -1043.701172, 199.218750
410.644531, -1198.974609, 164.062500
-,-,-
622.070312, -562.255859, -0.244141
590.820312, -668.701172, 186.035156
381.347656, -939.208984, 244.140625
50.781250, -865.966797, 122.070312
-27.587891, -1154.052734, 152.832031
-478.759766, -1175.537109, 371.093750
-376.708984, -1434.326172, 131.835938
-567.626953, -1532.958984, 206.542969
-543.701172, -1477.294922, 374.023438
-521.240234, -1291.748047, 403.320312
-524.169922, -928.466797, 367.187500
-229.736328, -947.998047, 233.886719
47.363281, -840.576172, 277.343750
479.003906, -776.123047, 148.437500
749.023438, -726.318359, 3.906250
819.335938, -734.130859, 141.601562
802.246094, -852.294922, 56.152344
574.218750, -991.943359, 56.640625
-,-,-
528.320312, -585.693359, 65.429688
559.082031, -780.029297, 141.601562
465.332031, -619.873047, 279.296875
174.804688, -906.982422, 257.324219
112.792969, -975.830078, 70.312500
-1.220703, -1115.966797, 58.593750
-327.880859, -1114.990234, 345.703125
-371.826172, -1252.685547, 48.339844
-456.298828, -1440.185547, 166.992188
-434.326172, -1436.279297, 84.960938
-459.228516, -1393.310547, -2.197266
-382.080078, -1165.771484, 290.039062
-388.916016, -1081.787109, 117.187500
-104.248047, -989.013672, 451.171875
282.226562, -830.810547, 134.765625
560.546875, -827.880859, 259.765625
729.003906, -738.037109, 233.886719
698.242188, -767.333984, 144.531250
639.648438, -898.193359, 223.632812
457.031250, -1060.302734, 201.171875
249.023438, -1147.216797, 266.601562
-,-,-
626.464844, -644.287109, 161.132812
645.996094, -651.611328, 252.929688
672.851562, -711.669922, 254.882812
373.046875, -731.689453, 299.804688
183.105469, -860.107422, 101.074219
129.394531, -1106.201172, -15.380859
-208.251953, -1192.138672, 59.570312
-273.681641, -1338.623047, 108.398438
-545.166016, -1450.927734, 202.148438
-588.623047, -1475.341797, 355.468750
-583.740234, -1345.458984, 279.296875
-470.947266, -1061.279297, 299.804688
-317.626953, -1150.146484, -12.451172
-199.462891, -815.673828, 456.054688
290.039062, -856.689453, 201.660156
463.867188, -759.521484, 233.886719
800.292969, -737.060547, 287.597656
893.554688, -865.966797, 186.523438
809.082031, -889.404297, 187.500000
591.796875, -1008.544922, 228.515625
-,-,-
409.179688, -545.654297, 310.058594
605.957031, -707.763672, 316.406250
486.328125, -694.091797, 282.226562
573.730469, -911.865234, 175.781250
341.308594, -939.697266, 65.429688
262.207031, -1002.685547, 147.460938
0.976562, -1238.037109, 128.417969
-335.693359, -1061.279297, 291.992188
-563.720703, -1250.732422, 203.125000
-681.396484, -1399.169922, 180.175781
-652.587891, -1495.849609, 245.117188
-549.560547, -1279.052734, 255.859375
-489.013672, -1353.271484, 309.082031
-363.525391, -894.287109, 241.210938
42.968750, -933.349609, 255.859375
406.738281, -718.505859, 228.027344
714.355469, -766.357422, 150.878906
829.589844, -763.427734, 235.839844
733.886719, -801.513672, 86.914062
692.871094, -1023.193359, 112.304688
-,-,-
556.152344, -708.740234, 114.257812
238.281250, -700.927734, -62.255859
183.105469, -675.537109, -20.263672
11.718750, -968.505859, -230.712891
61.523438, -1084.716797, 18.554688
-48.095703, -1444.091797, 87.890625
-386.474609, -1460.205078, 279.785156
-431.396484, -1971.435547, 485.351562
-614.990234, -1625.732422, 186.523438
-577.880859, -1301.025391, 341.796875
-444.580078, -1232.177734, 132.812500
-470.947266, -958.740234, 276.367188
-33.935547, -1025.146484, 304.687500
194.335938, -747.802734, 111.328125
496.093750, -801.513672, 134.765625
653.320312, -703.857422, 124.023438
709.960938, -774.169922, 152.832031
608.886719, -727.294922, 194.335938
462.890625, -863.037109, -18.798828
-,-,-
414.550781, -669.677734, 214.843750
668.457031, -853.759766, 218.750000
645.996094, -798.583984, 328.125000
570.312500, -737.060547, 245.117188
389.160156, -777.099609, 150.878906
183.105469, -807.373047, 11.718750
18.066406, -994.873047, -159.912109
-208.740234, -1152.099609, -173.583984
-256.591797, -1315.185547, 122.070312
-459.716797, -1457.763672, -54.931641
-555.908203, -1436.279297, 163.085938
-638.427734, -1361.083984, 100.097656
-597.412109, -1179.931641, 317.382812
-522.705078, -981.201172, 150.390625
-229.248047, -936.767578, 317.382812
86.425781, -731.689453, 177.246094
465.820312, -846.435547, 133.789062
707.519531, -781.982422, 24.902344
884.277344, -1055.419922, -2.197266
693.847656, -929.443359, 4.882812
533.203125, -986.083984, 31.250000
-,-,-
421.386719, -535.888672, 150.390625
632.812500, -871.826172, 106.445312
562.500000, -763.427734, 184.570312
301.269531, -813.720703, 110.351562
167.480469, -972.900391, -57.373047
149.902344, -1142.822266, -145.263672
-165.283203, -1252.685547, -71.044922
-369.873047, -1361.083984, 102.050781
-535.888672, -1570.068359, -10.498047
-544.677734, -1530.029297, 57.617188
-581.787109, -1385.498047, 132.324219
-597.412109, -1116.943359, 189.453125
-432.373047, -1053.955078, 57.617188
-82.763672, -954.833984, 181.152344
331.054688, -645.263672, 119.140625
664.062500, -845.458984, 152.832031
669.433594, -604.248047, 153.320312
930.175781, -1007.568359, 143.554688
658.691406, -960.693359, 34.179688
448.730469, -1190.185547, -31.982422
-,-,-
424.804688, -688.232422, 256.347656
509.277344, -624.755859, -163.818359
501.464844, -879.638672, -113.037109
533.691406, -962.646484, -397.216797
541.503906, -1240.966797, -203.857422
207.519531, -1222.900391, -177.490234
-119.384766, -1245.849609, 4.882812
-402.099609, -1307.373047, -91.552734
-559.326172, -1384.033203, 60.546875
-656.982422, -1453.857422, 231.933594
-592.529297, -1343.017578, 204.101562
-474.365234, -1166.748047, 30.273438
-272.705078, -928.466797, 262.695312
60.546875, -894.287109, 114.257812
274.902344, -787.841797, 19.531250
645.507812, -935.791016, -27.099609
697.265625, -619.873047, -55.908203
1083.984375, -937.744141, 88.867188
1051.269531, -990.966797, 111.328125
628.906250, -905.029297, 101.562500
-,-,-
794.921875, -692.138672, 205.566406
733.886719, -748.779297, 279.296875
399.414062, -866.943359, 266.113281
260.253906, -1001.708984, 189.453125
-99.365234, -1140.869141, 146.484375
-209.716797, -1257.568359, 84.960938
-510.009766, -1418.701172, 91.796875
-553.466797, -1485.107422, 231.933594
-642.822266, -1352.294922, 156.738281
-519.775391, -1312.255859, 343.750000
-449.951172, -1153.076172, 163.085938
-334.716797, -1063.232422, 26.367188
-77.880859, -937.744141, 446.289062
163.085938, -658.935547, -70.068359
697.753906, -907.958984, 269.531250
837.890625, -601.318359, 68.359375
952.636719, -886.474609, 142.578125
830.566406, -825.927734, 161.132812
589.355469, -906.005859, -46.142578
-,-,-
744.628906, -473.388672, 113.281250
720.703125, -603.271484, 391.113281
608.886719, -778.076172, 408.203125
283.691406, -878.662109, 120.117188
116.210938, -938.232422, -36.865234
-87.646484, -1145.263672, 54.687500
-243.896484, -1188.232422, 159.179688
-394.287109, -1484.130859, 120.117188
-657.470703, -1500.244141, 271.484375
-614.501953, -1475.341797, 346.679688
-553.466797, -1299.560547, 370.117188
-475.830078, -1089.599609, 327.148438
-223.388672, -917.724609, 208.496094
102.050781, -807.373047, 213.867188
458.007812, -715.576172, 106.933594
788.574219, -768.310547, 206.542969
982.421875, -717.529297, 33.203125
945.800781, -780.029297, 62.500000
841.308594, -786.865234, -26.611328
606.933594, -891.357422, -19.287109
-,-,-
562.988281, -650.634766, 240.234375
804.199219, -714.599609, 329.101562
619.628906, -699.951172, 360.351562
334.472656, -702.880859, 95.703125
277.832031, -827.880859, -41.748047
17.089844, -960.693359, -303.466797
23.925781, -1207.763672, -123.779297
-399.658203, -1222.412109, 152.832031
-421.630859, -1520.263672, 135.253906
-757.568359, -1621.826172, 271.484375
-916.748047, -1325.927734, 403.320312
-811.279297, -1289.794922, 449.218750
-535.400391, -933.837891, 271.484375
-129.638672, -740.966797, 182.128906
263.671875, -643.310547, 161.132812
728.515625, -726.318359, 8.789062
850.097656, -745.849609, 83.984375
854.492188, -778.076172, 114.257812
729.492188, -987.060547, 98.632812
583.984375, -1231.201172, 72.265625
372.558594, -1491.943359, 111.328125
-,-,-
627.441406, -765.380859, 194.335938
590.820312, -580.810547, 208.496094
617.187500, -661.865234, 288.085938
338.378906, -794.677734, 175.781250
114.257812, -710.693359, -21.240234
43.945312, -1156.982422, -34.912109
-248.779297, -1123.779297, -28.076172
-281.494141, -1401.123047, 79.589844
-449.951172, -1484.130859, 202.636719
-547.119141, -1489.013672, 326.171875
-654.052734, -1361.083984, 207.519531
-737.060547, -1384.033203, 378.906250
-422.119141, -1050.537109, 268.554688
8.789062, -862.060547, 219.726562
496.093750, -717.529297, 7.812500
554.199219, -603.271484, -18.310547
791.992188, -763.427734, 153.808594
760.742188, -852.783203, 74.218750
-,-,-
519.042969, -614.990234, 433.105469
764.160156, -867.919922, 204.101562
680.664062, -750.732422, 291.015625
310.058594, -795.654297, 348.632812
184.082031, -841.552734, 154.785156
-385.498047, -943.115234, 180.175781
-476.806641, -1115.966797, 15.625000
-571.533203, -1459.228516, 168.945312
-754.638672, -1462.646484, 251.953125
-759.521484, -1390.380859, 234.863281
-571.533203, -1332.763672, 294.921875
-512.939453, -1237.060547, 73.730469
-374.755859, -1066.162109, 297.851562
30.761719, -855.712891, 154.785156
319.335938, -710.693359, 206.542969
746.093750, -836.669922, 220.703125
797.363281, -846.435547, 27.343750
752.929688, -846.435547, 166.015625
