-,-,-
527.343750, -1780.029297, -713.623047
189.941406, -1364.990234, -484.130859
-182.373047, -697.021484, -214.599609
-330.810547, 623.046875, 385.253906
178.222656, 1140.625000, 1461.914062
929.687500, 972.167969, 1909.179688
1059.082031, -144.287109, 1215.332031
716.796875, -1999.755859, 134.277344
896.972656, -1999.755859, -771.240234
-15.380859, -1999.755859, -1056.396484
-405.029297, -864.990234, -656.005859
-809.326172, 582.031250, 343.261719
6.835938, 734.863281, 1289.062500
-,-,-
822.265625, -523.681641, 645.996094
644.531250, -1706.298828, -95.458984
764.160156, -1999.755859, -367.431641
153.320312, -1809.326172, -579.833984
-739.501953, 20.507812, 148.437500
-808.837891, 1803.710938, 971.191406
141.113281, 577.148438, 1628.906250
550.781250, -1330.322266, 563.964844
1199.218750, -1999.755859, -741.943359
598.632812, -1999.755859, -563.232422
-446.533203, -43.212891, 893.554688
-85.693359, 1365.234375, 1999.755859
720.703125, 162.597656, 1045.410156
-,-,-
426.269531, -330.322266, 1408.203125
437.988281, -264.404297, 1569.335938
2.929688, -500.732422, 1483.398438
-294.189453, -1517.333984, -141.357422
-147.216797, -1999.755859, -1456.298828
-,-,-
-489.013672, -900.634766, -826.416016
-789.306641, 260.742188, 696.777344
-277.587891, -153.564453, 1523.437500
-17.822266, 51.757812, 1061.523438
420.898438, -871.826172, 1337.890625
910.156250, -1312.255859, 656.250000
785.156250, -1260.009766, -99.365234
-,-,-
270.996094, -691.162109, 618.164062
-4.638672, -1258.056641, -831.298828
-108.154297, -1999.755859, -1455.322266
-322.021484, -1999.755859, -707.275391
-649.169922, -615.478516, 246.093750
-490.478516, 499.023438, 1657.226562
23.925781, 1104.003906, 1256.835938
885.253906, -632.568359, 1069.824219
909.179688, -1287.841797, -67.138672
-,-,-
0.976562, -1999.755859, -693.115234
-209.716797, -1651.123047, -482.177734
-349.853516, -629.638672, 358.886719
-430.908203, 905.761719, 1536.132812
-153.076172, 919.921875, 1108.886719
-14.892578, -1066.650391, 388.183594
803.710938, -1999.755859, -1084.716797
-,-,-
-114.501953, -1435.791016, -437.255859
-87.158203, -1622.802734, -815.185547
-123.779297, -1647.216797, -312.744141
-71.044922, -1227.294922, 29.785156
-477.783203, -577.392578, 116.210938
-18.798828, -829.345703, 958.496094
499.511719, -1060.791016, 23.925781
504.882812, -776.123047, 284.667969
502.929688, -340.576172, 1020.507812
588.378906, 262.695312, 1030.761719
-,-,-
604.003906, -310.302734, 415.527344
530.761719, -860.107422, 308.593750
393.066406, -951.904297, 217.773438
532.714844, -1337.646484, -123.779297
-,-,-
108.886719, -1309.326172, -457.763672
148.925781, -1446.044922, -327.880859
61.523438, -1298.095703, -56.396484
175.781250, -1015.380859, -197.998047
-,-,-
337.890625, -1012.451172, 9.765625
404.785156, -1063.232422, 214.843750
435.058594, -895.751953, 277.343750
418.457031, -303.466797, 240.234375
-,-,-
429.199219, 269.531250, 1041.015625
468.261719, -17.333984, 717.773438
616.210938, -746.826172, 532.226562
958.984375, -1406.005859, -189.208984
-,-,-
263.671875, -783.935547, -264.892578
291.015625, -1026.123047, -217.529297
21.484375, -1490.966797, -307.373047
-230.712891, -1469.482422, -424.560547
-,-,-
-16.845703, -779.541016, 543.457031
165.039062, -436.279297, 635.742188
334.472656, 10.742188, 712.890625
-,-,-
1155.273438, 285.644531, 1282.714844
1137.207031, -290.283203, 674.316406
1039.550781, -1083.740234, -1.220703
1164.062500, -1379.150391, -287.353516
-,-,-
713.867188, -1581.298828, -736.083984
578.125000, -1815.185547, -285.400391
266.601562, -1508.056641, -122.802734
-,-,-
-215.576172, -289.306641, 359.863281
-340.087891, -68.115234, 185.546875
151.855469, -585.693359, 464.843750
749.511719, -903.076172, 109.375000
-,-,-
933.105469, -1999.755859, 124.511719
853.027344, -1999.755859, 110.351562
416.503906, -1258.056641, 319.335938
17.578125, -355.224609, 327.148438
-,-,-
154.296875, 404.785156, 1062.988281
-284.423828, -157.958984, 4.394531
-326.416016, -1107.177734, -181.884766
-226.318359, -1356.201172, -119.873047
-,-,-
348.144531, -1945.068359, -363.525391
485.839844, -1679.443359, 104.003906
603.027344, -1204.833984, 531.250000
638.183594, -614.990234, 681.152344
-,-,-
419.433594, 403.320312, 1707.031250
495.605469, 612.792969, 1543.945312
738.281250, -49.560547, 1333.007812
347.167969, -199.951172, 765.625000
-,-,-
-603.759766, -1232.177734, -244.873047
-760.498047, -1957.763672, -240.966797
-709.228516, -1729.248047, -177.490234
-,-,-
312.011719, -866.943359, 645.996094
778.808594, -704.833984, 984.863281
1236.328125, -564.208984, 1023.437500
-,-,-
-511.474609, 956.054688, 1250.976562
-672.607422, 584.960938, 801.269531
-288.818359, -507.568359, 821.289062
253.417969, -1152.099609, 291.992188
-,-,-
199.707031, -1110.107422, 223.632812
311.035156, -1426.025391, -115.966797
134.277344, -1368.896484, -46.630859
-207.763672, -851.318359, -105.712891
-,-,-
151.367188, -1288.818359, 232.910156
191.406250, -997.802734, 290.039062
153.320312, -639.404297, 498.046875
-,-,-
1243.164062, -1049.560547, 847.656250
1320.800781, -1263.916016, 786.132812
1207.519531, -1754.638672, 330.078125
-,-,-
557.128906, -1056.884766, 1026.367188
700.683594, -401.611328, 922.851562
471.191406, -31.005859, 899.414062
123.046875, 518.554688, 894.531250
-,-,-
-42.724609, 562.500000, 757.812500
-320.556641, 597.656250, 788.085938
-190.673828, -316.162109, 786.132812
344.726562, -1117.919922, 651.855469
-,-,-
337.890625, -1003.662109, 399.414062
562.500000, -1248.779297, 42.968750
430.175781, -1266.357422, -68.115234
332.031250, -1451.904297, -370.361328
-,-,-
-177.001953, -656.494141, 270.507812
-391.357422, -439.208984, 553.710938
-260.986328, -628.662109, 353.515625
234.375000, -1014.404297, 268.554688
-,-,-
787.597656, -1135.986328, 430.664062
767.578125, -1606.201172, 300.781250
885.253906, -1999.755859, 306.152344
1126.953125, -1711.181641, 574.707031
-,-,-
458.007812, 324.707031, 1165.527344
77.148438, 530.761719, 875.000000
-396.728516, 914.062500, 909.667969
-749.755859, 632.812500, 698.730469
-1064.697266, 78.613281, 909.667969
-,-,-
227.539062, -1999.755859, -208.251953
52.734375, -1999.755859, 144.531250
31.738281, -1662.353516, 223.632812
-230.712891, -705.810547, 269.531250
-,-,-
-295.166016, 1031.250000, 540.039062
-921.142578, 343.261719, 556.640625
244.628906, -1999.755859, 264.160156
-489.990234, -1999.755859, 255.859375
-165.283203, -1999.755859, 449.218750
-766.357422, -1999.755859, 808.105469
-641.357422, -1277.099609, 509.765625
-,-,-
354.980469, -1999.755859, 654.296875
490.722656, -1999.755859, 550.781250
394.531250, -1999.755859, 637.695312
303.222656, -1116.943359, 533.203125
-,-,-
31.738281, 792.968750, 1040.527344
-32.470703, 1111.328125, 1385.742188
187.500000, 893.066406, 1217.285156
273.437500, -148.193359, 768.554688
-,-,-
296.386719, -1826.416016, -494.384766
476.074219, -1918.212891, -262.939453
472.656250, -1677.490234, -17.333984
218.750000, -1229.248047, 64.453125
-,-,-
171.875000, -1320.068359, 449.218750
325.683594, -1311.279297, 516.601562
415.527344, -1100.830078, 552.734375
-,-,-
160.644531, 437.988281, 1366.699219
230.957031, 67.382812, 1049.804688
176.269531, -633.544922, 668.945312
672.851562, -1999.755859, -135.009766
-,-,-
-640.380859, -1581.298828, -377.685547
-495.849609, -1730.224609, -621.826172
-407.470703, -1681.396484, -469.970703
-198.486328, -1351.318359, -143.310547
-,-,-
511.718750, -317.626953, 665.039062
567.382812, -220.458984, 682.617188
602.050781, 101.562500, 793.945312
632.812500, 102.539062, 1102.539062
880.859375, 322.753906, 1167.480469
-,-,-
150.878906, -261.474609, 250.000000
-175.537109, -891.845703, 66.406250
-516.845703, -1695.068359, -37.841797
-573.486328, -1789.306641, -186.279297
-,-,-
8.300781, -1621.826172, 200.195312
-211.669922, -1091.552734, 83.007812
-315.673828, -590.576172, 779.785156
-27.099609, -240.478516, 1367.187500
-160.400391, 1179.199219, 1999.755859
696.289062, 1870.605469, 1999.755859
625.976562, 580.566406, 1460.449219
479.980469, -645.751953, 598.144531
-,-,-
-476.806641, -36.376953, 728.027344
-265.380859, -320.068359, 622.558594
-120.361328, 283.691406, 483.398438
103.027344, -0.244141, 1149.414062
777.343750, -601.318359, 960.449219
-,-,-
79.101562, -1464.111328, 849.121094
436.035156, -987.060547, 1358.398438
-102.783203, -528.564453, 1999.755859
-,-,-
-91.552734, -1261.474609, -477.294922
-77.392578, -1531.982422, -1152.099609
-124.755859, -1999.755859, -867.431641
420.410156, -1999.755859, -83.251953
-,-,-
705.566406, -597.412109, 182.128906
562.011719, -665.771484, 113.281250
622.558594, -1342.041016, 7.812500
709.960938, -1369.873047, 52.246094
-,-,-
522.949219, 127.929688, 900.878906
655.273438, -238.037109, 708.496094
511.718750, -474.365234, 104.980469
255.859375, -856.201172, -212.646484
113.769531, -1435.302734, -385.498047
187.500000, -1999.755859, -368.408203
95.214844, -1959.716797, -227.294922
194.335938, -1581.787109, -138.427734
265.625000, -1208.740234, -10.498047
-,-,-
544.921875, -739.013672, 550.781250
269.042969, -1126.708984, 583.007812
530.273438, -1761.474609, 408.203125
526.367188, -1471.435547, 275.390625
-,-,-
422.363281, -1607.177734, -99.365234
383.789062, -1506.103516, 74.707031
376.953125, -1221.923828, 354.980469
586.914062, -822.998047, 622.558594
-,-,-
124.023438, -779.052734, 607.421875
227.050781, -540.771484, 821.289062
364.746094, -49.560547, 833.007812
359.375000, 353.515625, 913.574219
-,-,-
806.640625, 775.390625, 1309.570312
746.582031, 497.070312, 1345.214844
664.062500, 365.722656, 1178.710938
648.925781, 193.359375, 951.171875
472.656250, -149.169922, 895.507812
-,-,-
265.625000, -1999.755859, -796.630859
85.449219, -1727.294922, -208.251953
-2.685547, -1175.537109, 82.031250
-21.240234, -837.646484, 457.031250
65.917969, -642.333984, 639.648438
-,-,-
739.746094, 1103.515625, 1005.859375
715.332031, 924.804688, 1459.960938
593.750000, 763.671875, 1586.914062
702.148438, 461.914062, 1198.242188
-,-,-
708.007812, -1407.958984, 523.437500
610.351562, -1498.291016, 231.933594
438.476562, -1085.693359, 15.625000
251.464844, -693.603516, -69.091797
-,-,-
199.707031, -679.443359, 384.277344
207.519531, -898.681641, 294.921875
137.207031, -1655.517578, 686.523438
450.195312, -1999.755859, 417.968750
-,-,-
656.738281, 715.820312, 1197.753906
631.835938, 1046.875000, 1604.492188
702.148438, 555.664062, 1287.109375
666.992188, -151.123047, 1034.179688
-,-,-
541.503906, -1819.091797, 387.207031
218.750000, -1033.935547, 208.984375
16.113281, -269.287109, 554.687500
42.480469, 230.468750, 312.988281
29.296875, 215.820312, 652.343750
8.789062, 214.843750, 576.171875
62.500000, -89.599609, 771.484375
250.000000, -246.826172, 348.632812
-,-,-
512.695312, -1733.154297, 168.945312
473.632812, -1791.748047, -129.638672
369.140625, -1687.255859, -36.865234
268.066406, -1378.662109, 74.707031
-,-,-
264.648438, 78.613281, 729.003906
361.328125, 240.234375, 1162.109375
407.226562, 389.648438, 1392.578125
616.210938, 398.437500, 1412.109375
-,-,-
1052.246094, -633.544922, 750.488281
886.718750, -737.060547, 601.074219
668.457031, -512.451172, 257.324219
432.617188, -135.498047, 138.671875
-,-,-
-287.353516, 374.023438, 893.554688
-138.427734, -265.380859, 998.046875
141.113281, -1019.775391, 765.625000
284.179688, -1739.990234, 109.375000
-,-,-
626.953125, 125.488281, 1256.835938
502.441406, 558.593750, 1564.453125
533.203125, 572.265625, 1406.250000
625.488281, 421.875000, 851.562500
-,-,-
211.914062, 188.476562, 373.046875
141.113281, -68.115234, 563.476562
-20.263672, -131.591797, 807.128906
-30.517578, -530.517578, 914.062500
-,-,-
154.296875, -1580.810547, 708.007812
-21.728516, -905.029297, 773.925781
-10.009766, -534.423828, 846.679688
-22.705078, -39.306641, 750.976562
-,-,-
213.378906, 518.554688, 1007.812500
365.722656, 254.882812, 1018.554688
307.128906, 275.390625, 1007.324219
375.000000, 437.500000, 1044.433594
-,-,-
343.750000, 5.859375, 967.773438
426.269531, -358.642578, 892.578125
461.425781, -720.458984, 842.773438
302.734375, -626.708984, 849.609375
-,-,-
-219.970703, -504.638672, 607.421875
-346.435547, -534.912109, 1151.367188
-360.107422, -199.951172, 890.625000
-260.986328, 250.000000, 639.648438
-,-,-
-136.474609, 195.312500, 1056.640625
-268.798828, 612.792969, 1229.492188
-221.923828, 583.007812, 911.621094
1.464844, 597.656250, 847.656250
-,-,-
-220.947266, 53.710938, 1079.101562
36.621094, -260.498047, 803.222656
95.703125, -484.619141, 912.109375
47.851562, -745.849609, 938.964844
-,-,-
-68.115234, -1039.794922, 739.257812
-108.154297, -1066.162109, 837.890625
13.671875, -1138.916016, 889.648438
-26.611328, -1042.724609, 803.222656
-,-,-
270.019531, -212.646484, 871.093750
292.480469, 69.335938, 979.492188
352.539062, 197.265625, 951.171875
466.308594, 134.765625, 1020.507812
-,-,-
293.945312, 552.734375, 855.957031
376.953125, 118.164062, 956.054688
250.000000, 335.937500, 1040.527344
263.671875, 324.707031, 997.070312
-,-,-
300.292969, 473.632812, 717.773438
243.164062, 393.554688, 651.367188
95.214844, 379.882812, 785.156250
64.453125, 134.765625, 729.980469
-7.080078, 117.187500, 753.417969
-,-,-
-90.576172, -1007.568359, 1045.898438
-39.306641, -542.724609, 909.179688
-35.888672, -308.349609, 932.128906
57.617188, -261.474609, 906.738281
136.230469, -136.474609, 815.429688
-,-,-
380.859375, 329.101562, 1039.062500
339.355469, 338.867188, 1039.550781
334.472656, 435.546875, 999.023438
356.445312, 664.062500, 1018.066406
365.722656, 625.976562, 1042.968750
421.386719, 509.765625, 1063.964844
388.671875, 520.507812, 977.539062
397.949219, 336.914062, 947.265625
318.847656, 332.031250, 937.011719
94.238281, 272.460938, 900.390625
-260.009766, 313.476562, 707.031250
-727.294922, 245.605469, 57.617188
-693.603516, -1936.767578, 281.738281
336.914062, -1999.755859, 991.210938
496.093750, -1999.755859, 1442.382812
214.355469, -842.041016, 1249.023438
-212.158203, 766.113281, 1019.531250
-547.119141, 1724.609375, 910.156250
-306.396484, 1444.335938, 738.281250
-123.779297, 543.945312, 135.742188
214.355469, -890.380859, 271.484375
517.089844, -1788.818359, 633.789062
-,-,-
93.261719, 717.773438, 876.464844
-34.912109, 562.500000, 774.902344
-204.833984, 231.445312, 759.765625
-228.759766, -449.462891, 781.738281
-195.068359, -1248.779297, 733.886719
78.613281, -1999.755859, 1092.773438
74.218750, -1999.755859, 824.218750
87.890625, -1660.888672, 809.082031
-29.052734, -833.740234, 1176.757812
121.582031, -292.236328, 1196.777344
-,-,-
319.335938, -375.732422, 669.921875
335.449219, -380.615234, 773.437500
304.687500, -423.583984, 940.429688
292.480469, -565.673828, 985.351562
-,-,-
-30.029297, -1148.193359, 647.949219
-39.306641, -1074.951172, 620.605469
-96.435547, -914.794922, 656.250000
-178.466797, -567.138672, 691.406250
-,-,-
20.019531, -73.974609, 795.898438
225.097656, 108.398438, 798.828125
234.375000, 648.925781, 854.003906
292.480469, 1053.710938, 955.078125
-,-,-
158.691406, 554.687500, 882.324219
90.820312, 430.664062, 810.058594
-66.162109, 187.500000, 814.453125
-182.861328, -314.208984, 836.914062
-,-,-
-146.240234, -808.349609, 1141.113281
-91.552734, -417.724609, 1001.953125
24.414062, -156.982422, 1120.117188
217.773438, 8.789062, 1014.648438
-,-,-
594.238281, 566.406250, 995.117188
371.582031, 810.546875, 636.718750
202.148438, 998.046875, 818.359375
-48.095703, 1038.085938, 849.609375
-,-,-
-568.115234, 401.855469, 558.593750
-559.326172, 387.695312, 467.285156
-434.326172, 98.632812, 701.660156
-47.119141, -530.517578, 1048.828125
-,-,-
-37.841797, -1112.060547, 1149.414062
-221.435547, -403.564453, 849.609375
-161.376953, -30.029297, 837.890625
-33.447266, 284.667969, 829.589844
37.109375, 523.437500, 815.429688
-,-,-
9.277344, 1122.070312, 617.187500
-24.169922, 969.726562, 713.867188
-72.021484, 774.902344, 605.468750
-85.693359, 234.375000, 715.820312
-198.974609, -310.302734, 697.753906
-,-,-
-61.767578, -1255.615234, 1085.449219
-103.759766, -610.595703, 869.140625
-49.560547, -361.083984, 883.300781
-,-,-
533.691406, -160.888672, 1147.949219
517.578125, -255.615234, 1218.261719
574.707031, -604.248047, 1157.226562
574.707031, -518.310547, 1018.066406
-,-,-
-323.974609, 1169.921875, 1030.273438
-219.482422, 938.476562, 842.773438
-197.021484, 714.843750, 703.125000
-174.072266, 193.359375, 778.808594
-69.580078, -38.818359, 731.445312
-,-,-
235.351562, -1194.091797, 862.304688
113.769531, -1015.869141, 945.312500
65.429688, -746.826172, 860.351562
162.109375, -562.255859, 983.886719
-,-,-
686.523438, -759.521484, 1034.667969
438.964844, -378.662109, 1165.039062
322.265625, 68.359375, 714.843750
-120.849609, 1211.914062, 822.265625
-,-,-
-85.693359, -472.412109, 838.378906
-132.568359, -1274.169922, 986.816406
351.562500, -1885.498047, 813.476562
-,-,-
-269.775391, 184.570312, 1046.875000
-20.263672, 520.507812, 953.125000
252.441406, 164.550781, 1006.835938
593.750000, -508.544922, 1252.929688
570.312500, -293.701172, 1378.417969
-,-,-
-783.935547, 1999.755859, 850.585938
-481.201172, 1756.347656, 451.171875
-238.525391, 889.648438, 520.996094
-148.193359, 114.257812, 779.785156
-235.107422, -239.013672, 932.128906
-,-,-
-307.373047, -1999.755859, 919.921875
-239.501953, -1931.396484, 684.570312
-163.818359, -1366.943359, 620.117188
-107.177734, -872.802734, 608.398438
-,-,-
-223.876953, -1999.755859, 856.933594
284.179688, -1999.755859, 884.277344
726.074219, -1999.755859, 1105.468750
580.566406, -1408.935547, 1033.691406
-,-,-
-749.267578, 1640.625000, 200.195312
-1069.091797, 1269.042969, 346.679688
-511.474609, -44.189453, 615.234375
-,-,-
299.804688, -1390.380859, 1161.132812
634.765625, -488.525391, 1052.734375
636.230469, 96.679688, 1368.164062
-,-,-
-417.724609, -822.509766, 415.527344
-255.126953, -1635.498047, 860.839844
-37.841797, -1702.880859, 1058.593750
134.277344, -1268.310547, 817.382812
-,-,-
-460.693359, 1464.355469, 930.664062
-454.345703, 783.203125, 667.968750
-62.744141, -619.384766, 928.710938
-,-,-
335.937500, -729.248047, 680.664062
213.378906, -750.732422, 356.445312
166.992188, -1319.091797, 410.156250
240.234375, -1804.443359, 413.574219
